District_Code,Area_Name,Total_Rural_Urban,Age_Group,Population_Persons,Population_Males,Population_Females,Main_Workers_Persons,Main_Workers_Males,Main_Workers_Females,Marginal_0_to_6_Persons,Marginal_0_to_6_Males,Marginal_0_to_6_Females,Marginal_Seeking_Persons,Marginal_Seeking_Males,Marginal_Seeking_Females,Non_Workers_Total_Persons,Non_Workers_Total_Males,Non_Workers_Total_Females,Non_Workers_Seeking_Persons,Non_Workers_Seeking_Males,Non_Workers_Seeking_Females,Location,Year
1,20,0,0,150544,76982,73562,1096,592,504,1872,821,1051,206,98,108,147576,75569,72007,734,371,363,"Nandurbar, Maharashtra, India",2001
1,20,0,1,145323,76223,69100,10006,4899,5107,13914,5861,8053,2624,1267,1357,121403,65463,55940,1607,828,779,"Nandurbar, Maharashtra, India",2001
1,20,0,2,103968,54363,49605,31533,16829,14704,22874,9187,13687,8562,4102,4460,49561,28347,21214,5594,3442,2152,"Nandurbar, Maharashtra, India",2001
1,20,0,3,86222,41964,44258,47419,27502,19917,20642,6881,13761,8567,4115,4452,18161,7581,10580,3470,2215,1255,"Nandurbar, Maharashtra, India",2001
1,20,0,4,81804,39877,41927,54011,33110,20901,17916,5273,12643,7018,3221,3797,9877,1494,8383,1387,579,808,"Nandurbar, Maharashtra, India",2001
1,20,0,5,77456,37419,40037,54905,33098,21807,15422,3838,11584,5688,2316,3372,7129,483,6646,657,189,468,"Nandurbar, Maharashtra, India",2001
1,20,0,6,75552,38550,37002,55320,34759,20561,13867,3456,10411,4840,1975,2865,6365,335,6030,530,98,432,"Nandurbar, Maharashtra, India",2001
1,20,0,7,104282,54284,49998,76595,49326,27269,17966,4337,13629,5332,2107,3225,9721,621,9100,601,110,491,"Nandurbar, Maharashtra, India",2001
1,20,0,8,61150,30818,30332,40947,26852,14095,10967,2720,8247,2472,1004,1468,9236,1246,7990,434,95,339,"Nandurbar, Maharashtra, India",2001
1,20,0,9,55284,24480,30804,25033,16473,8560,8905,2809,6096,1242,549,693,21346,5198,16148,564,160,404,"Nandurbar, Maharashtra, India",2001
1,20,0,10,19973,9185,10788,5280,3995,1285,2132,996,1136,212,123,89,12561,4194,8367,183,63,120,"Nandurbar, Maharashtra, India",2001
1,20,0,11,5411,2369,3042,983,691,292,301,135,166,43,23,20,4127,1543,2584,21,7,14,"Nandurbar, Maharashtra, India",2001
1,20,1,0,22695,11836,10859,101,69,32,31,17,14,4,3,1,22563,11750,10813,121,62,59,"Nandurbar, Maharashtra, India",2001
1,20,1,1,26296,14010,12286,527,353,174,218,124,94,50,29,21,25551,13533,12018,321,200,121,"Nandurbar, Maharashtra, India",2001
1,20,1,2,22870,12174,10696,2829,2336,493,632,398,234,234,156,78,19409,9440,9969,1341,947,394,"Nandurbar, Maharashtra, India",2001
1,20,1,3,19302,10364,8938,6125,5502,623,790,510,280,321,249,72,12387,4352,8035,1896,1375,521,"Nandurbar, Maharashtra, India",2001
1,20,1,4,16256,7901,8355,7324,6440,884,651,328,323,253,164,89,8281,1133,7148,883,548,335,"Nandurbar, Maharashtra, India",2001
1,20,1,5,14912,7523,7389,8077,6969,1108,574,233,341,230,130,100,6261,321,5940,315,160,155,"Nandurbar, Maharashtra, India",2001
1,20,1,6,14473,7216,7257,8040,6847,1193,529,189,340,195,106,89,5904,180,5724,165,72,93,"Nandurbar, Maharashtra, India",2001
1,20,1,7,20939,11366,9573,12469,10787,1682,686,296,390,189,105,84,7784,283,7501,148,35,113,"Nandurbar, Maharashtra, India",2001
1,20,1,8,11160,6010,5150,6010,5248,762,350,148,202,82,43,39,4800,614,4186,76,29,47,"Nandurbar, Maharashtra, India",2001
1,20,1,9,9114,4008,5106,2533,2065,468,277,129,148,40,18,22,6304,1814,4490,58,20,38,"Nandurbar, Maharashtra, India",2001
1,20,1,10,4015,1855,2160,724,617,107,71,39,32,13,5,8,3220,1199,2021,21,9,12,"Nandurbar, Maharashtra, India",2001
1,20,1,11,1186,485,701,138,123,15,11,2,9,1,0,1,1037,360,677,2,0,2,"Nandurbar, Maharashtra, India",2001
2,8,0,0,147017,76025,70992,911,532,379,1115,517,598,115,62,53,144991,74976,70015,816,424,392,"Dhule, Maharashtra, India",2001
2,8,0,1,157151,82897,74254,7812,4268,3544,9290,4177,5113,1377,693,684,140049,74452,65597,1606,884,722,"Dhule, Maharashtra, India",2001
2,8,0,2,123918,69548,54370,31976,20165,11811,19537,8928,10609,6316,3977,2339,72405,40455,31950,9159,6330,2829,"Dhule, Maharashtra, India",2001
2,8,0,3,106072,57651,48421,55576,36315,19261,21789,8540,13249,8289,5330,2959,28707,12796,15911,7026,5071,1955,"Dhule, Maharashtra, India",2001
2,8,0,4,90517,44827,45690,58108,37432,20676,17949,5081,12868,5901,3126,2775,14460,2314,12146,2572,1219,1353,"Dhule, Maharashtra, India",2001
2,8,0,5,85612,41541,44071,59285,37164,22121,15923,3691,12232,4643,2155,2488,10404,686,9718,1116,348,768,"Dhule, Maharashtra, India",2001
2,8,0,6,87809,43097,44712,62180,39335,22845,15797,3274,12523,4292,1799,2493,9832,488,9344,795,176,619,"Dhule, Maharashtra, India",2001
2,8,0,7,127872,67309,60563,91798,61766,30032,21382,4706,16676,5124,2102,3022,14692,837,13855,875,166,709,"Dhule, Maharashtra, India",2001
2,8,0,8,74929,38088,36841,48765,33295,15470,12685,2992,9693,2053,867,1186,13479,1801,11678,528,139,389,"Dhule, Maharashtra, India",2001
2,8,0,9,82212,34686,47526,33294,22332,10962,12737,3796,8941,1417,546,871,36181,8558,27623,783,170,613,"Dhule, Maharashtra, India",2001
2,8,0,10,34142,15867,18275,7366,5851,1515,2728,1354,1374,220,117,103,24048,8662,15386,319,92,227,"Dhule, Maharashtra, India",2001
2,8,0,11,8756,3702,5054,1002,756,246,412,205,207,42,20,22,7342,2741,4601,33,18,15,"Dhule, Maharashtra, India",2001
2,8,1,0,48874,25684,23190,126,104,22,37,19,18,7,5,2,48711,25561,23150,207,107,100,"Dhule, Maharashtra, India",2001
2,8,1,1,55536,29452,26084,837,702,135,336,204,132,108,76,32,54363,28546,25817,657,444,213,"Dhule, Maharashtra, India",2001
2,8,1,2,50278,27335,22943,5924,5370,554,1548,1065,483,622,507,115,42806,20900,21906,4520,3115,1405,"Dhule, Maharashtra, India",2001
2,8,1,3,44321,24241,20080,13280,12174,1106,2117,1444,673,986,811,175,28924,10623,18301,5608,3785,1823,"Dhule, Maharashtra, India",2001
2,8,1,4,35583,17292,18291,15735,13975,1760,1849,969,880,784,543,241,17999,2348,15651,2329,1146,1183,"Dhule, Maharashtra, India",2001
2,8,1,5,32433,16414,16019,17305,15118,2187,1648,678,970,603,385,218,13480,618,12862,991,296,695,"Dhule, Maharashtra, India",2001
2,8,1,6,31032,15526,15506,16990,14604,2386,1587,575,1012,549,301,248,12455,347,12108,600,114,486,"Dhule, Maharashtra, India",2001
2,8,1,7,44571,24016,20555,25981,22518,3463,1905,785,1120,607,340,267,16685,713,15972,524,120,404,"Dhule, Maharashtra, India",2001
2,8,1,8,25410,13677,11733,12819,11300,1519,863,400,463,223,134,89,11728,1977,9751,274,113,161,"Dhule, Maharashtra, India",2001
2,8,1,9,21339,9153,12186,4544,3680,864,838,348,490,159,69,90,15957,5125,10832,149,72,77,"Dhule, Maharashtra, India",2001
2,8,1,10,9468,4432,5036,1250,1072,178,233,124,109,36,25,11,7985,3236,4749,45,21,24,"Dhule, Maharashtra, India",2001
2,8,1,11,2839,1207,1632,225,184,41,37,26,11,5,4,1,2577,997,1580,14,8,6,"Dhule, Maharashtra, India",2001
3,12,0,0,293263,153938,139325,1533,860,673,915,410,505,104,50,54,290815,152668,138147,1277,669,608,"Jalgaon, Maharashtra, India",2001
3,12,0,1,326744,173850,152894,14141,7593,6548,9355,4068,5287,1646,867,779,303248,162189,141059,3077,1799,1278,"Jalgaon, Maharashtra, India",2001
3,12,0,2,269722,151842,117880,73053,44961,28092,29767,13981,15786,10286,6478,3808,166902,92900,74002,20913,15073,5840,"Jalgaon, Maharashtra, India",2001
3,12,0,3,227246,124181,103065,126986,80476,46510,34391,14185,20206,13489,8647,4842,65869,29520,36349,15267,11412,3855,"Jalgaon, Maharashtra, India",2001
3,12,0,4,191845,95096,96749,132062,80583,51479,28169,8746,19423,9798,5184,4614,31614,5767,25847,5390,3044,2346,"Jalgaon, Maharashtra, India",2001
3,12,0,5,179633,87509,92124,133550,79419,54131,24675,6477,18198,7711,3577,4134,21408,1613,19795,2118,714,1404,"Jalgaon, Maharashtra, India",2001
3,12,0,6,181072,89516,91556,137189,82427,54762,24053,5980,18073,6953,3025,3928,19830,1109,18721,1469,322,1147,"Jalgaon, Maharashtra, India",2001
3,12,0,7,265170,141947,123223,202211,130834,71377,32349,8827,23522,7984,3656,4328,30610,2286,28324,1746,366,1380,"Jalgaon, Maharashtra, India",2001
3,12,0,8,154111,78212,75899,104699,68259,36440,18986,5181,13805,3487,1448,2039,30426,4772,25654,1090,313,777,"Jalgaon, Maharashtra, India",2001
3,12,0,9,178479,74772,103707,75971,46854,29117,20365,6540,13825,2455,975,1480,82143,21378,60765,1942,454,1488,"Jalgaon, Maharashtra, India",2001
3,12,0,10,73693,34710,38983,16819,12816,4003,4912,2498,2414,472,266,206,51962,19396,32566,711,208,503,"Jalgaon, Maharashtra, India",2001
3,12,0,11,20352,8884,11468,2675,1922,753,681,353,328,89,48,41,16996,6609,10387,82,28,54,"Jalgaon, Maharashtra, India",2001
3,12,1,0,108937,57302,51635,259,187,72,92,51,41,18,11,7,108586,57064,51522,603,344,259,"Jalgaon, Maharashtra, India",2001
3,12,1,1,126580,66709,59871,1536,1225,311,691,457,234,169,127,42,124353,65027,59326,1458,911,547,"Jalgaon, Maharashtra, India",2001
3,12,1,2,113835,61625,52210,12338,10883,1455,3708,2660,1048,1396,1187,209,97789,48082,49707,8939,6415,2524,"Jalgaon, Maharashtra, India",2001
3,12,1,3,101337,54081,47256,28866,25993,2873,5483,3947,1536,2448,2090,358,66988,24141,42847,11255,7816,3439,"Jalgaon, Maharashtra, India",2001
3,12,1,4,87054,43069,43985,37687,33282,4405,4955,3069,1886,2023,1631,392,44412,6718,37694,5638,3224,2414,"Jalgaon, Maharashtra, India",2001
3,12,1,5,79352,40140,39212,41402,35926,5476,4511,2362,2149,1579,1117,462,33439,1852,31587,2346,898,1448,"Jalgaon, Maharashtra, India",2001
3,12,1,6,76575,38150,38425,41331,35069,6262,4465,2108,2357,1424,953,471,30779,973,29806,1510,361,1149,"Jalgaon, Maharashtra, India",2001
3,12,1,7,112084,61379,50705,65697,57079,8618,5719,2679,3040,1687,1068,619,40668,1621,39047,1409,368,1041,"Jalgaon, Maharashtra, India",2001
3,12,1,8,64383,34555,29828,33111,28952,4159,2712,1401,1311,658,417,241,28560,4202,24358,591,241,350,"Jalgaon, Maharashtra, India",2001
3,12,1,9,54007,24389,29618,12236,9897,2339,2073,1001,1072,375,195,180,39698,13491,26207,611,214,397,"Jalgaon, Maharashtra, India",2001
3,12,1,10,23863,11433,12430,3351,2912,439,599,374,225,101,67,34,19913,8147,11766,169,71,98,"Jalgaon, Maharashtra, India",2001
3,12,1,11,7577,3418,4159,672,586,86,96,71,25,13,8,5,6809,2761,4048,30,14,16,"Jalgaon, Maharashtra, India",2001
4,6,0,0,199130,102913,96217,774,408,366,729,325,404,39,15,24,197627,102180,95447,525,267,258,"Buldana, Maharashtra, India",2001
4,6,0,1,229449,119295,110154,11362,5006,6356,8252,3461,4791,902,406,496,209835,110828,99007,1545,840,705,"Buldana, Maharashtra, India",2001
4,6,0,2,179170,98524,80646,65053,35993,29060,16250,7342,8908,4188,2654,1534,97867,55189,42678,6759,4702,2057,"Buldana, Maharashtra, India",2001
4,6,0,3,143654,77769,65885,97737,57397,40340,13155,5767,7388,4857,3522,1335,32762,14605,18157,5620,4305,1315,"Buldana, Maharashtra, India",2001
4,6,0,4,124315,61139,63176,98010,55179,42831,9707,3010,6697,3060,1811,1249,16598,2950,13648,2137,1327,810,"Buldana, Maharashtra, India",2001
4,6,0,5,118117,57839,60278,99080,54967,44113,7912,1921,5991,2154,1072,1082,11125,951,10174,763,296,467,"Buldana, Maharashtra, India",2001
4,6,0,6,116478,57801,58677,99757,55367,44390,7208,1700,5508,1897,915,982,9513,734,8779,466,127,339,"Buldana, Maharashtra, India",2001
4,6,0,7,171125,90466,80659,146583,86439,60144,10225,2498,7727,2055,943,1112,14317,1529,12788,562,164,398,"Buldana, Maharashtra, India",2001
4,6,0,8,105313,53397,51916,82260,48714,33546,7354,1819,5535,991,414,577,15699,2864,12835,320,89,231,"Buldana, Maharashtra, India",2001
4,6,0,9,118235,52223,66012,62888,36915,25973,9430,3070,6360,831,341,490,45917,12238,33679,493,123,370,"Buldana, Maharashtra, India",2001
4,6,0,10,50504,25401,25103,14124,10659,3465,2797,1508,1289,225,123,102,33583,13234,20349,175,70,105,"Buldana, Maharashtra, India",2001
4,6,0,11,14079,6395,7684,1843,1354,489,374,200,174,30,15,15,11862,4841,7021,27,6,21,"Buldana, Maharashtra, India",2001
4,6,1,0,51939,27212,24727,77,59,18,21,13,8,1,1,0,51841,27140,24701,138,82,56,"Buldana, Maharashtra, India",2001
4,6,1,1,60636,31838,28798,738,589,149,335,223,112,73,59,14,59563,31026,28537,578,400,178,"Buldana, Maharashtra, India",2001
4,6,1,2,51317,27825,23492,6650,5666,984,1696,1189,507,695,554,141,42971,20970,22001,3271,2246,1025,"Buldana, Maharashtra, India",2001
4,6,1,3,42596,22451,20145,13599,11893,1706,2090,1371,719,902,738,164,26907,9187,17720,4277,3008,1269,"Buldana, Maharashtra, India",2001
4,6,1,4,37587,18479,19108,17305,14855,2450,1857,971,886,706,526,180,18425,2653,15772,2134,1308,826,"Buldana, Maharashtra, India",2001
4,6,1,5,34429,17464,16965,19075,16039,3036,1664,710,954,558,378,180,13690,715,12975,791,356,435,"Buldana, Maharashtra, India",2001
4,6,1,6,32803,16152,16651,18682,15236,3446,1634,544,1090,516,288,228,12487,372,12115,472,154,318,"Buldana, Maharashtra, India",2001
4,6,1,7,47987,26009,21978,29138,24483,4655,2108,798,1310,520,322,198,16741,728,16013,444,115,329,"Buldana, Maharashtra, India",2001
4,6,1,8,28388,15017,13371,14990,12705,2285,1128,452,676,182,91,91,12270,1860,10410,185,59,126,"Buldana, Maharashtra, India",2001
4,6,1,9,24190,10838,13352,6566,5117,1449,981,452,529,146,67,79,16643,5269,11374,117,49,68,"Buldana, Maharashtra, India",2001
4,6,1,10,10678,5086,5592,1788,1564,224,242,149,93,19,10,9,8648,3373,5275,44,23,21,"Buldana, Maharashtra, India",2001
4,6,1,11,3409,1418,1991,252,219,33,30,22,8,1,1,0,3127,1177,1950,8,5,3,"Buldana, Maharashtra, India",2001
5,1,0,0,105954,54679,51275,280,174,106,205,89,116,7,6,1,105469,54416,51053,309,170,139,"Akola, Maharashtra, India",2001
5,1,0,1,126167,65518,60649,3399,1785,1614,2691,1279,1412,280,167,113,120077,62454,57623,907,545,362,"Akola, Maharashtra, India",2001
5,1,0,2,103607,55637,47970,27013,17250,9763,7756,3973,3783,2365,1582,783,68838,34414,34424,5075,3186,1889,"Akola, Maharashtra, India",2001
5,1,0,3,84052,47059,36993,47342,31785,15557,7829,3914,3915,3176,2364,812,28881,11360,17521,4856,3316,1540,"Akola, Maharashtra, India",2001
5,1,0,4,76422,38294,38128,52828,33405,19423,6456,2266,4190,2152,1340,812,17138,2623,14515,2101,1110,991,"Akola, Maharashtra, India",2001
5,1,0,5,69967,34841,35126,53759,32864,20895,5215,1339,3876,1388,731,657,10993,638,10355,733,244,489,"Akola, Maharashtra, India",2001
5,1,0,6,69481,34660,34821,54831,33094,21737,4796,1160,3636,1208,571,637,9854,406,9448,429,98,331,"Akola, Maharashtra, India",2001
5,1,0,7,99469,53869,45600,79609,51548,28061,6301,1495,4806,1232,620,612,13559,826,12733,386,86,300,"Akola, Maharashtra, India",2001
5,1,0,8,58600,29903,28697,43143,27506,15637,4060,980,3080,610,273,337,11397,1417,9980,202,36,166,"Akola, Maharashtra, India",2001
5,1,0,9,67513,30182,37331,36538,22525,14013,4912,1531,3381,409,181,228,26063,6126,19937,249,66,183,"Akola, Maharashtra, India",2001
5,1,0,10,27856,14632,13224,9175,7194,1981,1369,744,625,89,56,33,17312,6694,10618,99,38,61,"Akola, Maharashtra, India",2001
5,1,0,11,7596,3566,4030,1289,984,305,190,114,76,12,9,3,6117,2468,3649,24,14,10,"Akola, Maharashtra, India",2001
5,1,1,0,64923,33595,31328,121,97,24,32,19,13,5,5,0,64770,33479,31291,222,112,110,"Akola, Maharashtra, India",2001
5,1,1,1,77349,40328,37021,1297,1089,208,409,298,111,105,81,24,75643,38941,36702,928,661,267,"Akola, Maharashtra, India",2001
5,1,1,2,67158,35429,31729,8911,8051,860,1700,1350,350,760,653,107,56547,26028,30519,4496,3066,1430,"Akola, Maharashtra, India",2001
5,1,1,3,59283,31541,27742,17904,16178,1726,2335,1820,515,1255,1105,150,39044,13543,25501,6147,4087,2060,"Akola, Maharashtra, India",2001
5,1,1,4,51942,25591,26351,22983,20067,2916,1993,1316,677,946,759,187,26966,4208,22758,3261,1904,1357,"Akola, Maharashtra, India",2001
5,1,1,5,46963,23843,23120,25707,21854,3853,1755,942,813,775,570,205,19501,1047,18454,1241,508,733,"Akola, Maharashtra, India",2001
5,1,1,6,44753,22400,22353,25515,21102,4413,1623,738,885,644,413,231,17615,560,17055,746,212,534,"Akola, Maharashtra, India",2001
5,1,1,7,65404,35600,29804,39454,33493,5961,2043,991,1052,749,491,258,23907,1116,22791,623,195,428,"Akola, Maharashtra, India",2001
5,1,1,8,38456,20333,18123,19996,16994,3002,1080,551,529,301,196,105,17380,2788,14592,248,108,140,"Akola, Maharashtra, India",2001
5,1,1,9,31482,14516,16966,8144,6595,1549,876,427,449,185,104,81,22462,7494,14968,163,65,98,"Akola, Maharashtra, India",2001
5,1,1,10,13867,6776,7091,2250,1964,286,264,176,88,43,27,16,11353,4636,6717,51,31,20,"Akola, Maharashtra, India",2001
5,1,1,11,4728,2070,2658,395,337,58,43,29,14,4,3,1,4290,1704,2586,14,6,8,"Akola, Maharashtra, India",2001
6,33,0,0,96389,49881,46508,333,187,146,268,128,140,24,8,16,95788,49566,46222,312,175,137,"Washim, Maharashtra, India",2001
6,33,0,1,109712,57850,51862,4395,1931,2464,3009,1220,1789,511,246,265,102308,54699,47609,954,573,381,"Washim, Maharashtra, India",2001
6,33,0,2,82142,45570,36572,24633,13824,10809,8012,3433,4579,2432,1399,1033,49497,28313,21184,4292,3055,1237,"Washim, Maharashtra, India",2001
6,33,0,3,68249,36698,31551,41504,24698,16806,8376,3375,5001,3056,1940,1116,18369,8625,9744,3293,2518,775,"Washim, Maharashtra, India",2001
6,33,0,4,63262,31205,32057,46450,27061,19389,7036,2101,4935,2385,1222,1163,9776,2043,7733,1457,920,537,"Washim, Maharashtra, India",2001
6,33,0,5,58865,29211,29654,46943,27218,19725,5974,1471,4503,1908,856,1052,5948,522,5426,513,212,301,"Washim, Maharashtra, India",2001
6,33,0,6,55575,28142,27433,45532,26596,18936,5259,1239,4020,1620,684,936,4784,307,4477,276,69,207,"Washim, Maharashtra, India",2001
6,33,0,7,78541,41793,36748,64379,39543,24836,6833,1602,5231,1625,663,962,7329,648,6681,271,65,206,"Washim, Maharashtra, India",2001
6,33,0,8,48501,24201,24300,36152,21982,14170,4506,994,3512,791,294,497,7843,1225,6618,152,20,132,"Washim, Maharashtra, India",2001
6,33,0,9,55561,24551,31010,28806,17687,11119,5193,1558,3635,658,262,396,21562,5306,16256,228,70,158,"Washim, Maharashtra, India",2001
6,33,0,10,23373,11827,11546,6876,5337,1539,1417,745,672,155,84,71,15080,5745,9335,109,41,68,"Washim, Maharashtra, India",2001
6,33,0,11,7116,3292,3824,1108,821,287,222,127,95,14,7,7,5786,2344,3442,16,9,7,"Washim, Maharashtra, India",2001
6,33,1,0,20196,10534,9662,56,45,11,8,4,4,0,0,0,20132,10485,9647,66,35,31,"Washim, Maharashtra, India",2001
6,33,1,1,23622,12553,11069,416,335,81,97,67,30,29,26,3,23109,12151,10958,327,244,83,"Washim, Maharashtra, India",2001
6,33,1,2,19119,10258,8861,2698,2303,395,389,269,120,157,135,22,16032,7686,8346,1332,975,357,"Washim, Maharashtra, India",2001
6,33,1,3,15933,8570,7363,5093,4424,669,494,306,188,222,174,48,10346,3840,6506,1676,1244,432,"Washim, Maharashtra, India",2001
6,33,1,4,14010,6886,7124,6348,5437,911,514,269,245,218,150,68,7148,1180,5968,903,610,293,"Washim, Maharashtra, India",2001
6,33,1,5,13004,6560,6444,7147,6068,1079,434,176,258,160,107,53,5423,316,5107,326,175,151,"Washim, Maharashtra, India",2001
6,33,1,6,12355,6279,6076,7156,5956,1200,456,183,273,146,103,43,4743,140,4603,150,54,96,"Washim, Maharashtra, India",2001
6,33,1,7,17155,9399,7756,10561,8958,1603,536,222,314,171,112,59,6058,219,5839,137,55,82,"Washim, Maharashtra, India",2001
6,33,1,8,9929,5218,4711,5427,4570,857,281,125,156,74,42,32,4221,523,3698,41,17,24,"Washim, Maharashtra, India",2001
6,33,1,9,9055,4019,5036,2656,2141,515,267,117,150,60,31,29,6132,1761,4371,46,20,26,"Washim, Maharashtra, India",2001
6,33,1,10,4105,1959,2146,759,657,102,65,37,28,11,7,4,3281,1265,2016,16,6,10,"Washim, Maharashtra, India",2001
6,33,1,11,1367,579,788,108,98,10,15,10,5,3,2,1,1244,471,773,4,2,2,"Washim, Maharashtra, India",2001
7,2,0,0,177251,91030,86221,1192,652,540,1276,641,635,76,43,33,174783,89737,85046,956,507,449,"Amravati, Maharashtra, India",2001
7,2,0,1,206612,106309,100303,6077,3495,2582,10634,5111,5523,1441,693,748,189901,97703,92198,2257,1235,1022,"Amravati, Maharashtra, India",2001
7,2,0,2,169434,87614,81820,38152,25002,13150,22936,11524,11412,8323,4860,3463,108346,51088,57258,14090,7962,6128,"Amravati, Maharashtra, India",2001
7,2,0,3,145824,79493,66331,69885,50123,19762,23421,11438,11983,10853,6990,3863,52518,17932,34586,12568,7059,5509,"Amravati, Maharashtra, India",2001
7,2,0,4,133701,67829,65872,82627,55452,27175,19789,7229,12560,8384,4528,3856,31285,5148,26137,6159,2699,3460,"Amravati, Maharashtra, India",2001
7,2,0,5,122449,61819,60630,87803,55739,32064,16457,4614,11843,6186,2842,3344,18189,1466,16723,2322,647,1675,"Amravati, Maharashtra, India",2001
7,2,0,6,117008,59089,57919,88077,54575,33502,14538,3657,10881,4927,2090,2837,14393,857,13536,1388,263,1125,"Amravati, Maharashtra, India",2001
7,2,0,7,168800,91874,76926,129112,85399,43713,19136,5008,14128,5333,2407,2926,20552,1467,19085,1228,244,984,"Amravati, Maharashtra, India",2001
7,2,0,8,104529,54084,50445,72930,48281,24649,12453,3185,9268,2463,978,1485,19146,2618,16528,714,148,566,"Amravati, Maharashtra, India",2001
7,2,0,9,116416,53446,62970,59345,38606,20739,13931,4575,9356,1787,794,993,43140,10265,32875,1243,303,940,"Amravati, Maharashtra, India",2001
7,2,0,10,52666,28865,23801,16606,13632,2974,4263,2501,1762,387,236,151,31797,12732,19065,482,167,315,"Amravati, Maharashtra, India",2001
7,2,0,11,15568,7784,7784,2779,2123,656,723,422,301,78,47,31,12066,5239,6827,84,40,44,"Amravati, Maharashtra, India",2001
7,2,1,0,85669,44351,41318,240,173,67,94,53,41,9,8,1,85335,44125,41210,310,169,141,"Amravati, Maharashtra, India",2001
7,2,1,1,106218,54942,51276,1296,1080,216,642,425,217,123,105,18,104280,53437,50843,1134,748,386,"Amravati, Maharashtra, India",2001
7,2,1,2,96689,50153,46536,10789,9551,1238,3091,2293,798,1224,1023,201,82809,38309,44500,7256,4673,2583,"Amravati, Maharashtra, India",2001
7,2,1,3,88897,46991,41906,23819,21370,2449,4180,3106,1074,2051,1766,285,60898,22515,38383,11636,7238,4398,"Amravati, Maharashtra, India",2001
7,2,1,4,77239,38576,38663,32829,28554,4275,3950,2577,1373,1832,1514,318,40460,7445,33015,6524,3590,2934,"Amravati, Maharashtra, India",2001
7,2,1,5,69187,35375,33812,37590,31608,5982,3513,1895,1618,1522,1114,408,28084,1872,26212,2363,974,1389,"Amravati, Maharashtra, India",2001
7,2,1,6,65043,32908,32135,37459,30711,6748,3204,1346,1858,1221,746,475,24380,851,23529,1262,318,944,"Amravati, Maharashtra, India",2001
7,2,1,7,95719,52050,43669,58267,48922,9345,4034,1768,2266,1292,782,510,33418,1360,32058,1012,238,774,"Amravati, Maharashtra, India",2001
7,2,1,8,58598,31528,27070,31510,26749,4761,2126,992,1134,495,326,169,24962,3787,21175,442,161,281,"Amravati, Maharashtra, India",2001
7,2,1,9,46811,22363,24448,13038,10567,2471,1820,926,894,298,182,116,31953,10870,21083,278,139,139,"Amravati, Maharashtra, India",2001
7,2,1,10,22024,11198,10826,3996,3517,479,602,393,209,84,54,30,17426,7288,10138,101,62,39,"Amravati, Maharashtra, India",2001
7,2,1,11,7247,3365,3882,754,665,89,99,69,30,18,13,5,6394,2631,3763,36,16,20,"Amravati, Maharashtra, India",2001
8,32,0,0,86607,44566,42041,274,160,114,180,96,84,13,9,4,86153,44310,41843,328,170,158,"Wardha, Maharashtra, India",2001
8,32,0,1,100795,51394,49401,1846,1089,757,2460,1198,1262,341,191,150,96489,49107,47382,914,500,414,"Wardha, Maharashtra, India",2001
8,32,0,2,92263,47829,44434,15992,10728,5264,12500,6573,5927,4740,3115,1625,63771,30528,33243,9520,5595,3925,"Wardha, Maharashtra, India",2001
8,32,0,3,80684,44064,36620,33597,23837,9760,15043,7782,7261,7085,5115,1970,32044,12445,19599,8870,5511,3359,"Wardha, Maharashtra, India",2001
8,32,0,4,75011,38075,36936,43946,29415,14531,13763,5129,8634,5703,3343,2360,17302,3531,13771,4003,2104,1899,"Wardha, Maharashtra, India",2001
8,32,0,5,67943,35168,32775,47698,30934,16764,11384,3304,8080,4132,2018,2114,8861,930,7931,1279,464,815,"Wardha, Maharashtra, India",2001
8,32,0,6,64206,32342,31864,47254,29213,18041,10483,2662,7821,3391,1523,1868,6469,467,6002,612,170,442,"Wardha, Maharashtra, India",2001
8,32,0,7,95254,51730,43524,72061,47312,24749,13908,3590,10318,3749,1663,2086,9285,828,8457,648,158,490,"Wardha, Maharashtra, India",2001
8,32,0,8,59290,30726,28564,41533,27132,14401,9008,2167,6841,1754,711,1043,8749,1427,7322,367,115,252,"Wardha, Maharashtra, India",2001
8,32,0,9,65859,29912,35947,32455,20537,11918,10473,3129,7344,1237,487,750,22931,6246,16685,444,138,306,"Wardha, Maharashtra, India",2001
8,32,0,10,30867,17057,13810,9043,7357,1686,3222,1856,1366,282,183,99,18602,7844,10758,228,99,129,"Wardha, Maharashtra, India",2001
8,32,0,11,8545,4333,4212,1129,915,214,402,245,157,39,23,16,7014,3173,3841,37,17,20,"Wardha, Maharashtra, India",2001
8,32,1,0,27785,14481,13304,34,25,9,19,14,5,2,1,1,27732,14442,13290,98,44,54,"Wardha, Maharashtra, India",2001
8,32,1,1,34757,17863,16894,182,160,22,179,114,65,56,37,19,34396,17589,16807,340,210,130,"Wardha, Maharashtra, India",2001
8,32,1,2,34778,17952,16826,2267,2017,250,1301,963,338,564,465,99,31210,14972,16238,3497,2195,1302,"Wardha, Maharashtra, India",2001
8,32,1,3,32527,17013,15514,6430,5794,636,2161,1706,455,1276,1129,147,23936,9513,14423,5880,3701,2179,"Wardha, Maharashtra, India",2001
8,32,1,4,29300,14901,14399,10870,9664,1206,2419,1651,768,1280,1015,265,16011,3586,12425,3485,1991,1494,"Wardha, Maharashtra, India",2001
8,32,1,5,26030,13584,12446,13197,11413,1784,2255,1233,1022,1155,802,353,10578,938,9640,1335,584,751,"Wardha, Maharashtra, India",2001
8,32,1,6,24072,12151,11921,12914,10845,2069,2067,938,1129,942,560,382,9091,368,8723,646,180,466,"Wardha, Maharashtra, India",2001
8,32,1,7,36679,19860,16819,21215,18148,3067,2674,1151,1523,1073,629,444,12790,561,12229,552,144,408,"Wardha, Maharashtra, India",2001
8,32,1,8,22849,12508,10341,11860,10370,1490,1512,645,867,419,218,201,9477,1493,7984,205,75,130,"Wardha, Maharashtra, India",2001
8,32,1,9,18129,8360,9769,3862,3160,702,1155,549,606,218,109,109,13112,4651,8461,122,53,69,"Wardha, Maharashtra, India",2001
8,32,1,10,9016,4489,4527,1250,1088,162,349,232,117,61,40,21,7417,3169,4248,42,18,24,"Wardha, Maharashtra, India",2001
8,32,1,11,2737,1304,1433,186,163,23,44,31,13,13,7,6,2507,1110,1397,7,4,3,"Wardha, Maharashtra, India",2001
9,18,0,0,147424,75182,72242,575,316,259,948,474,474,54,30,24,145901,74392,71509,680,359,321,"Nagpur, Maharashtra, India",2001
9,18,0,1,168637,86230,82407,3841,2172,1669,8164,3914,4250,1067,548,519,156632,80144,76488,1761,1018,743,"Nagpur, Maharashtra, India",2001
9,18,0,2,147393,76055,71338,29679,18559,11120,23623,11669,11954,9451,5774,3677,94091,45827,48264,13122,8026,5096,"Nagpur, Maharashtra, India",2001
9,18,0,3,131370,71582,59788,59578,40824,18754,25999,13366,12633,13477,9415,4062,45793,17392,28401,13393,8557,4836,"Nagpur, Maharashtra, India",2001
9,18,0,4,122850,64594,58256,75566,50250,25316,22151,9283,12868,10515,6460,4055,25133,5061,20072,6028,3175,2853,"Nagpur, Maharashtra, India",2001
9,18,0,5,109449,57045,52404,78209,49692,28517,17808,6061,11747,7797,3987,3810,13432,1292,12140,1985,696,1289,"Nagpur, Maharashtra, India",2001
9,18,0,6,101135,52458,48677,75746,46953,28793,15540,4890,10650,6380,3102,3278,9849,615,9234,997,235,762,"Nagpur, Maharashtra, India",2001
9,18,0,7,146327,78590,67737,112271,71053,41218,20559,6304,14255,6720,3287,3433,13497,1233,12264,1078,238,840,"Nagpur, Maharashtra, India",2001
9,18,0,8,91006,46863,44143,65447,41022,24425,13105,3535,9570,2684,1210,1474,12454,2306,10148,490,192,298,"Nagpur, Maharashtra, India",2001
9,18,0,9,90589,40963,49626,44655,27529,17126,14163,4493,9670,1766,703,1063,31771,8941,22830,579,184,395,"Nagpur, Maharashtra, India",2001
9,18,0,10,41005,22028,18977,11862,9418,2444,4423,2530,1893,440,286,154,24720,10080,14640,251,119,132,"Nagpur, Maharashtra, India",2001
9,18,0,11,11898,5801,6097,1694,1277,417,619,394,225,67,43,24,9585,4130,5455,50,23,27,"Nagpur, Maharashtra, India",2001
9,18,1,0,243213,125687,117526,712,445,267,179,114,65,27,21,6,242322,125128,117194,1193,673,520,"Nagpur, Maharashtra, India",2001
9,18,1,1,290318,150371,139947,2805,2155,650,1112,727,385,268,209,59,286401,147489,138912,3456,2119,1337,"Nagpur, Maharashtra, India",2001
9,18,1,2,268968,140962,128006,23868,20918,2950,8098,6257,1841,3746,3189,557,237002,113787,123215,27402,17196,10206,"Nagpur, Maharashtra, India",2001
9,18,1,3,269477,140101,129376,65437,58044,7393,14061,10973,3088,7902,6750,1152,189979,71084,118895,45269,27733,17536,"Nagpur, Maharashtra, India",2001
9,18,1,4,247457,124881,122576,103776,90224,13552,14158,9885,4273,7589,6055,1534,129523,24772,104751,25961,13571,12390,"Nagpur, Maharashtra, India",2001
9,18,1,5,217990,113998,103992,118045,99646,18399,12873,7723,5150,6430,4730,1700,87072,6629,80443,10175,3828,6347,"Nagpur, Maharashtra, India",2001
9,18,1,6,195805,100587,95218,112458,91713,20745,11393,5976,5417,5268,3547,1721,71954,2898,69056,5320,1301,4019,"Nagpur, Maharashtra, India",2001
9,18,1,7,285334,154064,131270,171576,142156,29420,13615,7123,6492,5217,3495,1722,100143,4785,95358,4514,1198,3316,"Nagpur, Maharashtra, India",2001
9,18,1,8,170110,92621,77489,90218,76849,13369,6562,3447,3115,1764,1162,602,73330,12325,61005,1659,692,967,"Nagpur, Maharashtra, India",2001
9,18,1,9,120566,55682,64884,25021,19743,5278,4406,2217,2189,789,446,343,91139,33722,57417,998,518,480,"Nagpur, Maharashtra, India",2001
9,18,1,10,55498,27430,28068,6840,5747,1093,1216,804,412,170,117,53,47442,20879,26563,396,203,193,"Nagpur, Maharashtra, India",2001
9,18,1,11,18493,8553,9940,1642,1363,279,232,146,86,38,20,18,16619,7044,9575,91,38,53,"Nagpur, Maharashtra, India",2001
10,5,0,0,94465,48219,46246,162,112,50,174,78,96,24,12,12,94129,48029,46100,239,133,106,"Bhandara, Maharashtra, India",2001
10,5,0,1,108692,55121,53571,846,583,263,1766,872,894,330,173,157,106080,53666,52414,689,392,297,"Bhandara, Maharashtra, India",2001
10,5,0,2,99151,50341,48810,13375,8345,5030,16981,7943,9038,6910,3922,2988,68795,34053,34742,7076,4248,2828,"Bhandara, Maharashtra, India",2001
10,5,0,3,83523,44187,39336,31701,19767,11934,24730,10977,13753,12592,7351,5241,27092,13443,13649,8532,5744,2788,"Bhandara, Maharashtra, India",2001
10,5,0,4,75638,39061,36577,40963,26086,14877,21921,8690,13231,11137,5971,5166,12754,4285,8469,4106,2532,1574,"Bhandara, Maharashtra, India",2001
10,5,0,5,69794,35565,34229,44750,27772,16978,18736,6706,12030,9176,4606,4570,6308,1087,5221,1256,605,651,"Bhandara, Maharashtra, India",2001
10,5,0,6,69012,33770,35242,46252,27715,18537,17961,5552,12409,8270,3745,4525,4799,503,4296,605,209,396,"Bhandara, Maharashtra, India",2001
10,5,0,7,108381,55457,52924,73555,45812,27743,26894,8693,18201,9845,4727,5118,7932,952,6980,578,172,406,"Bhandara, Maharashtra, India",2001
10,5,0,8,70746,35279,35467,42520,27563,14957,17318,5532,11786,4172,2020,2152,10908,2184,8724,337,119,218,"Bhandara, Maharashtra, India",2001
10,5,0,9,59785,26030,33755,20817,13379,7438,13001,4829,8172,1843,852,991,25967,7822,18145,250,87,163,"Bhandara, Maharashtra, India",2001
10,5,0,10,21751,10257,11494,3852,3045,807,2515,1407,1108,273,167,106,15384,5805,9579,78,42,36,"Bhandara, Maharashtra, India",2001
10,5,0,11,4960,2324,2636,485,381,104,251,155,96,37,25,12,4224,1788,2436,13,7,6,"Bhandara, Maharashtra, India",2001
10,5,1,0,15839,8180,7659,25,19,6,6,4,2,0,0,0,15808,8157,7651,68,31,37,"Bhandara, Maharashtra, India",2001
10,5,1,1,20341,10591,9750,80,60,20,58,35,23,14,8,6,20203,10496,9707,215,132,83,"Bhandara, Maharashtra, India",2001
10,5,1,2,19054,9742,9312,1019,812,207,593,391,202,233,172,61,17442,8539,8903,1779,1123,656,"Bhandara, Maharashtra, India",2001
10,5,1,3,17714,9144,8570,3065,2556,509,1285,804,481,617,444,173,13364,5784,7580,3906,2501,1405,"Bhandara, Maharashtra, India",2001
10,5,1,4,15401,7791,7610,5397,4439,958,1469,830,639,720,513,207,8535,2522,6013,2391,1517,874,"Bhandara, Maharashtra, India",2001
10,5,1,5,13663,7043,6620,7193,5754,1439,1274,633,641,554,380,174,5196,656,4540,784,433,351,"Bhandara, Maharashtra, India",2001
10,5,1,6,12783,6262,6521,7274,5568,1706,1224,460,764,479,260,219,4285,234,4051,304,106,198,"Bhandara, Maharashtra, India",2001
10,5,1,7,20142,10561,9581,12162,9594,2568,1683,633,1050,543,318,225,6297,334,5963,250,95,155,"Bhandara, Maharashtra, India",2001
10,5,1,8,13184,7130,6054,7375,5945,1430,864,323,541,185,91,94,4945,862,4083,93,41,52,"Bhandara, Maharashtra, India",2001
10,5,1,9,8636,3877,4759,1985,1387,598,548,231,317,70,36,34,6103,2259,3844,32,18,14,"Bhandara, Maharashtra, India",2001
10,5,1,10,3665,1586,2079,470,376,94,121,66,55,13,7,6,3074,1144,1930,16,6,10,"Bhandara, Maharashtra, India",2001
10,5,1,11,1023,408,615,66,52,14,17,10,7,4,2,2,940,346,594,3,2,1,"Bhandara, Maharashtra, India",2001
11,10,0,0,111009,56288,54721,143,89,54,198,102,96,21,16,5,110668,56097,54571,189,98,91,"Gondiya, Maharashtra, India",2001
11,10,0,1,125022,62915,62107,937,537,400,2685,1105,1580,403,182,221,121400,61273,60127,766,418,348,"Gondiya, Maharashtra, India",2001
11,10,0,2,106389,52795,53594,15155,8475,6680,20925,8889,12036,8064,4164,3900,70309,35431,34878,8095,4669,3426,"Gondiya, Maharashtra, India",2001
11,10,0,3,87811,44796,43015,35482,21339,14143,27705,11322,16383,13435,7493,5942,24624,12135,12489,7695,5076,2619,"Gondiya, Maharashtra, India",2001
11,10,0,4,81503,40570,40933,45591,28505,17086,24649,8813,15836,11392,5864,5528,11263,3252,8011,3189,1929,1260,"Gondiya, Maharashtra, India",2001
11,10,0,5,79103,38801,40302,50413,30923,19490,22282,7030,15252,10038,4660,5378,6408,848,5560,1222,460,762,"Gondiya, Maharashtra, India",2001
11,10,0,6,77173,38249,38924,51876,31577,20299,20515,6194,14321,8916,4083,4833,4782,478,4304,574,163,411,"Gondiya, Maharashtra, India",2001
11,10,0,7,117211,59716,57495,79811,50192,29619,29167,8614,20553,10156,4757,5399,8233,910,7323,619,165,454,"Gondiya, Maharashtra, India",2001
11,10,0,8,77698,37953,39745,46049,30056,15993,19080,5806,13274,4300,2084,2216,12569,2091,10478,387,108,279,"Gondiya, Maharashtra, India",2001
11,10,0,9,60901,27228,33673,21599,14841,6758,12464,5032,7432,1693,880,813,26838,7355,19483,387,147,240,"Gondiya, Maharashtra, India",2001
11,10,0,10,20882,9621,11261,3748,2981,767,2364,1381,983,264,184,80,14770,5259,9511,109,43,66,"Gondiya, Maharashtra, India",2001
11,10,0,11,5083,2267,2816,516,398,118,270,168,102,35,18,17,4297,1701,2596,19,10,9,"Gondiya, Maharashtra, India",2001
11,10,1,0,13009,6723,6286,15,11,4,3,2,1,1,1,0,12991,6710,6281,66,33,33,"Gondiya, Maharashtra, India",2001
11,10,1,1,15504,8043,7461,95,64,31,52,27,25,6,3,3,15357,7952,7405,235,140,95,"Gondiya, Maharashtra, India",2001
11,10,1,2,15231,7796,7435,1113,847,266,472,288,184,146,112,34,13646,6661,6985,1312,836,476,"Gondiya, Maharashtra, India",2001
11,10,1,3,14666,7584,7082,3387,2743,644,805,486,319,310,272,38,10474,4355,6119,2479,1663,816,"Gondiya, Maharashtra, India",2001
11,10,1,4,12644,6438,6206,5150,4236,914,747,404,343,283,233,50,6747,1798,4949,1542,1025,517,"Gondiya, Maharashtra, India",2001
11,10,1,5,11413,5877,5536,6136,5005,1131,721,359,362,226,173,53,4556,513,4043,584,334,250,"Gondiya, Maharashtra, India",2001
11,10,1,6,10426,5218,5208,6141,4732,1409,645,258,387,177,126,51,3640,228,3412,237,135,102,"Gondiya, Maharashtra, India",2001
11,10,1,7,16428,8394,8034,9973,7720,2253,937,377,560,153,114,39,5518,297,5221,179,75,104,"Gondiya, Maharashtra, India",2001
11,10,1,8,10787,5530,5257,5913,4698,1215,566,213,353,70,46,24,4308,619,3689,71,42,29,"Gondiya, Maharashtra, India",2001
11,10,1,9,7468,3354,4114,2020,1473,547,319,149,170,34,20,14,5129,1732,3397,43,24,19,"Gondiya, Maharashtra, India",2001
11,10,1,10,2961,1304,1657,439,347,92,77,38,39,8,6,2,2445,919,1526,18,8,10,"Gondiya, Maharashtra, India",2001
11,10,1,11,888,366,522,83,75,8,13,5,8,1,0,1,792,286,506,4,2,2,"Gondiya, Maharashtra, India",2001
12,9,0,0,107606,54767,52839,489,224,265,1842,830,1012,163,75,88,105275,53713,51562,355,189,166,"Gadchiroli, Maharashtra, India",2001
12,9,0,1,109488,56260,53228,4092,2016,2076,9683,4316,5367,1461,657,804,95713,49928,45785,1099,550,549,"Gadchiroli, Maharashtra, India",2001
12,9,0,2,86871,45108,41763,18896,10310,8586,21489,9575,11914,9593,4583,5010,46486,25223,21263,7848,4627,3221,"Gadchiroli, Maharashtra, India",2001
12,9,0,3,72739,35812,36927,34010,19795,14215,21974,8633,13341,12285,6244,6041,16755,7384,9371,5462,3382,2080,"Gadchiroli, Maharashtra, India",2001
12,9,0,4,75513,36982,38531,45698,28486,17212,20253,6726,13527,10782,4866,5916,9562,1770,7792,2350,1011,1339,"Gadchiroli, Maharashtra, India",2001
12,9,0,5,69016,34601,34415,46689,29089,17600,16968,5086,11882,8987,3721,5266,5359,426,4933,836,228,608,"Gadchiroli, Maharashtra, India",2001
12,9,0,6,66013,33694,32319,46089,28795,17294,15546,4657,10889,7986,3364,4622,4378,242,4136,547,89,458,"Gadchiroli, Maharashtra, India",2001
12,9,0,7,90928,48574,42354,64700,41805,22895,20057,6239,13818,8553,3714,4839,6171,530,5641,574,107,467,"Gadchiroli, Maharashtra, India",2001
12,9,0,8,55162,27868,27294,34912,22853,12059,12466,3764,8702,3664,1575,2089,7784,1251,6533,505,98,407,"Gadchiroli, Maharashtra, India",2001
12,9,0,9,43487,19571,23916,17346,11768,5578,9243,3480,5763,1612,735,877,16898,4323,12575,412,92,320,"Gadchiroli, Maharashtra, India",2001
12,9,0,10,15975,7633,8342,3489,2766,723,2239,1252,987,268,175,93,10247,3615,6632,140,53,87,"Gadchiroli, Maharashtra, India",2001
12,9,0,11,4215,1969,2246,585,474,111,366,182,184,41,16,25,3264,1313,1951,17,5,12,"Gadchiroli, Maharashtra, India",2001
12,9,1,0,6967,3555,3412,16,13,3,11,8,3,1,0,1,6940,3534,3406,19,12,7,"Gadchiroli, Maharashtra, India",2001
12,9,1,1,7733,3916,3817,49,31,18,92,58,34,11,5,6,7592,3827,3765,69,37,32,"Gadchiroli, Maharashtra, India",2001
12,9,1,2,7337,3796,3541,545,426,119,660,388,272,346,206,140,6132,2982,3150,762,449,313,"Gadchiroli, Maharashtra, India",2001
12,9,1,3,6603,3376,3227,1512,1218,294,928,512,416,584,371,213,4163,1646,2517,1118,719,399,"Gadchiroli, Maharashtra, India",2001
12,9,1,4,6106,2982,3124,2498,2054,444,913,420,493,552,309,243,2695,508,2187,509,306,203,"Gadchiroli, Maharashtra, India",2001
12,9,1,5,5858,2983,2875,3166,2554,612,865,322,543,522,259,263,1827,107,1720,177,62,115,"Gadchiroli, Maharashtra, India",2001
12,9,1,6,5219,2686,2533,2979,2387,592,803,268,535,496,220,276,1437,31,1406,91,11,80,"Gadchiroli, Maharashtra, India",2001
12,9,1,7,7136,4020,3116,4316,3548,768,1074,413,661,593,303,290,1746,59,1687,74,18,56,"Gadchiroli, Maharashtra, India",2001
12,9,1,8,3796,2070,1726,1971,1647,324,589,221,368,284,124,160,1236,202,1034,35,9,26,"Gadchiroli, Maharashtra, India",2001
12,9,1,9,2687,1136,1551,657,468,189,371,152,219,103,52,51,1659,516,1143,34,14,20,"Gadchiroli, Maharashtra, India",2001
12,9,1,10,1091,496,595,177,146,31,81,50,31,24,12,12,833,300,533,12,8,4,"Gadchiroli, Maharashtra, India",2001
12,9,1,11,322,131,191,30,22,8,12,6,6,3,1,2,280,103,177,5,1,4,"Gadchiroli, Maharashtra, India",2001
13,7,0,0,143867,73269,70598,425,224,201,499,235,264,30,9,21,142943,72810,70133,607,307,300,"Chandrapur, Maharashtra, India",2001
13,7,0,1,164836,83750,81086,3105,1781,1324,4899,2090,2809,899,425,474,156832,79879,76953,1603,860,743,"Chandrapur, Maharashtra, India",2001
13,7,0,2,137719,71362,66357,24497,14603,9894,25373,11246,14127,10415,5564,4851,87849,45513,42336,12113,7705,4408,"Chandrapur, Maharashtra, India",2001
13,7,0,3,120866,64159,56707,53032,32980,20052,33280,14761,18519,17355,10095,7260,34554,16418,18136,10493,7287,3206,"Chandrapur, Maharashtra, India",2001
13,7,0,4,118878,60510,58368,70244,44516,25728,30855,11374,19481,15565,7882,7683,17779,4620,13159,4443,2593,1850,"Chandrapur, Maharashtra, India",2001
13,7,0,5,106656,54790,51866,71873,45471,26402,25252,8144,17108,12462,5576,6886,9531,1175,8356,1497,593,904,"Chandrapur, Maharashtra, India",2001
13,7,0,6,101428,51371,50057,71153,43885,27268,23238,6934,16304,11182,4641,6541,7037,552,6485,821,185,636,"Chandrapur, Maharashtra, India",2001
13,7,0,7,147235,77737,69498,105240,66885,38355,31991,9750,22241,13182,5800,7382,10004,1102,8902,806,194,612,"Chandrapur, Maharashtra, India",2001
13,7,0,8,94070,47329,46741,60970,38846,22124,20853,6113,14740,6095,2540,3555,12247,2370,9877,628,212,416,"Chandrapur, Maharashtra, India",2001
13,7,0,9,88543,39628,48915,38520,24593,13927,18042,6026,12016,3300,1314,1986,31981,9009,22972,811,217,594,"Chandrapur, Maharashtra, India",2001
13,7,0,10,35754,18040,17714,9089,7114,1975,4388,2327,2061,592,328,264,22277,8599,13678,287,114,173,"Chandrapur, Maharashtra, India",2001
13,7,0,11,9579,4649,4930,1268,988,280,676,365,311,107,46,61,7635,3296,4339,34,10,24,"Chandrapur, Maharashtra, India",2001
13,7,1,0,65485,33952,31533,114,73,41,43,21,22,4,3,1,65328,33858,31470,229,127,102,"Chandrapur, Maharashtra, India",2001
13,7,1,1,78123,40093,38030,471,349,122,291,177,114,80,60,20,77361,39567,37794,752,471,281,"Chandrapur, Maharashtra, India",2001
13,7,1,2,72436,37562,34874,4498,3829,669,2079,1552,527,897,739,158,65859,32181,33678,6984,4652,2332,"Chandrapur, Maharashtra, India",2001
13,7,1,3,67612,35667,31945,13813,12186,1627,4488,3391,1097,2549,2165,384,49311,20090,29221,11170,7691,3479,"Chandrapur, Maharashtra, India",2001
13,7,1,4,62210,31053,31157,24047,21048,2999,5164,3368,1796,2809,2206,603,32999,6637,26362,6039,3644,2395,"Chandrapur, Maharashtra, India",2001
13,7,1,5,54037,27974,26063,28083,24140,3943,4215,2403,1812,2153,1572,581,21739,1431,20308,2189,845,1344,"Chandrapur, Maharashtra, India",2001
13,7,1,6,51337,26428,24909,28344,24083,4261,3739,1778,1961,1655,1092,563,19254,567,18687,1195,262,933,"Chandrapur, Maharashtra, India",2001
13,7,1,7,74174,40896,33278,43984,37976,6008,4228,2009,2219,1518,1015,503,25962,911,25051,890,184,706,"Chandrapur, Maharashtra, India",2001
13,7,1,8,41015,23769,17246,23005,20211,2794,2156,1021,1135,575,360,215,15854,2537,13317,415,162,253,"Chandrapur, Maharashtra, India",2001
13,7,1,9,25325,11476,13849,5254,4095,1159,1410,691,719,259,136,123,18661,6690,11971,288,146,142,"Chandrapur, Maharashtra, India",2001
13,7,1,10,10851,4991,5860,1334,1091,243,373,216,157,49,30,19,9144,3684,5460,83,37,46,"Chandrapur, Maharashtra, India",2001
13,7,1,11,3480,1511,1969,275,246,29,70,44,26,7,4,3,3135,1221,1914,17,6,11,"Chandrapur, Maharashtra, India",2001
14,34,0,0,227934,117388,110546,744,434,310,551,255,296,49,23,26,226639,116699,109940,702,364,338,"Yavatmal, Maharashtra, India",2001
14,34,0,1,249033,129469,119564,11082,5598,5484,7622,3204,4418,1473,735,738,230329,120667,109662,2236,1288,948,"Yavatmal, Maharashtra, India",2001
14,34,0,2,201946,109354,92592,60540,36714,23826,23624,11320,12304,8992,5465,3527,117782,61320,56462,13579,8552,5027,"Yavatmal, Maharashtra, India",2001
14,34,0,3,169422,91654,77768,94596,60122,34474,24654,11264,13390,11100,7375,3725,50172,20268,29904,11856,8114,3742,"Yavatmal, Maharashtra, India",2001
14,34,0,4,157364,78749,78615,108820,66371,42449,20670,6949,13721,8471,4593,3878,27874,5429,22445,4964,2767,2197,"Yavatmal, Maharashtra, India",2001
14,34,0,5,143706,72199,71507,111188,66160,45028,16552,4684,11868,6478,2957,3521,15966,1355,14611,1510,560,950,"Yavatmal, Maharashtra, India",2001
14,34,0,6,135712,68788,66924,108032,64153,43879,15018,3850,11168,5423,2320,3103,12662,785,11877,809,194,615,"Yavatmal, Maharashtra, India",2001
14,34,0,7,191558,102046,89512,153811,95566,58245,19569,4947,14622,5712,2467,3245,18178,1533,16645,937,220,717,"Yavatmal, Maharashtra, India",2001
14,34,0,8,117315,58983,58332,85989,53227,32762,12864,3014,9850,2760,1021,1739,18462,2742,15720,564,160,404,"Yavatmal, Maharashtra, India",2001
14,34,0,9,125229,56227,69002,64928,40426,24502,13874,4479,9395,1976,783,1193,46427,11322,35105,672,192,480,"Yavatmal, Maharashtra, India",2001
14,34,0,10,50162,25602,24560,15273,11923,3350,3831,2094,1737,417,252,165,31058,11585,19473,289,109,180,"Yavatmal, Maharashtra, India",2001
14,34,0,11,15022,7027,7995,2632,1953,679,595,317,278,52,28,24,11795,4757,7038,61,26,35,"Yavatmal, Maharashtra, India",2001
14,34,1,0,45342,23428,21914,66,50,16,26,17,9,4,1,3,45250,23361,21889,128,77,51,"Yavatmal, Maharashtra, India",2001
14,34,1,1,54248,28431,25817,684,534,150,195,131,64,59,44,15,53369,27766,25603,464,320,144,"Yavatmal, Maharashtra, India",2001
14,34,1,2,49144,25674,23470,5303,4611,692,1057,785,272,444,369,75,42784,20278,22506,3294,2286,1008,"Yavatmal, Maharashtra, India",2001
14,34,1,3,44587,23115,21472,12365,10847,1518,1501,1121,380,738,629,109,30721,11147,19574,5437,3743,1694,"Yavatmal, Maharashtra, India",2001
14,34,1,4,40206,20125,20081,18010,15469,2541,1560,1007,553,768,588,180,20636,3649,16987,2872,1874,998,"Yavatmal, Maharashtra, India",2001
14,34,1,5,35902,18458,17444,20355,16959,3396,1273,616,657,534,366,168,14274,883,13391,892,484,408,"Yavatmal, Maharashtra, India",2001
14,34,1,6,33143,16948,16195,19678,16091,3587,1183,467,716,491,281,210,12282,390,11892,414,151,263,"Yavatmal, Maharashtra, India",2001
14,34,1,7,48540,25998,22542,29838,24762,5076,1492,632,860,539,322,217,17210,604,16606,319,85,234,"Yavatmal, Maharashtra, India",2001
14,34,1,8,28568,15601,12967,15889,13478,2411,830,358,472,253,139,114,11849,1765,10084,151,69,82,"Yavatmal, Maharashtra, India",2001
14,34,1,9,21969,9931,12038,6213,4883,1330,597,273,324,114,64,50,15159,4775,10384,103,41,62,"Yavatmal, Maharashtra, India",2001
14,34,1,10,9634,4600,5034,1826,1570,256,161,105,56,23,13,10,7647,2925,4722,50,22,28,"Yavatmal, Maharashtra, India",2001
14,34,1,11,3245,1415,1830,391,335,56,35,22,13,5,4,1,2819,1058,1761,15,10,5,"Yavatmal, Maharashtra, India",2001
15,19,0,0,294763,151298,143465,2628,1468,1160,1756,830,926,188,99,89,290379,149000,141379,1803,915,888,"Nanded, Maharashtra, India",2001
15,19,0,1,299722,157449,142273,17740,10319,7421,13102,5564,7538,2174,1148,1026,268880,141566,127314,3626,1982,1644,"Nanded, Maharashtra, India",2001
15,19,0,2,203089,117194,85895,56419,36088,20331,25332,11346,13986,8179,4982,3197,121338,69760,51578,17210,11861,5349,"Nanded, Maharashtra, India",2001
15,19,0,3,166763,87904,78859,91576,54718,36858,29356,10264,19092,10970,6162,4808,45831,22922,22909,11633,8823,2810,"Nanded, Maharashtra, India",2001
15,19,0,4,159525,77048,82477,106664,63523,43141,28247,7777,20470,9519,4640,4879,24614,5748,18866,4733,2826,1907,"Nanded, Maharashtra, India",2001
15,19,0,5,151308,74806,76502,109971,66721,43250,24989,6426,18563,8305,3751,4554,16348,1659,14689,1923,770,1153,"Nanded, Maharashtra, India",2001
15,19,0,6,138301,70000,68301,103152,63938,39214,21565,5180,16385,6715,2881,3834,13584,882,12702,1235,298,937,"Nanded, Maharashtra, India",2001
15,19,0,7,186711,100741,85970,141562,92556,49006,27046,6809,20237,7633,3320,4313,18103,1376,16727,1195,244,951,"Nanded, Maharashtra, India",2001
15,19,0,8,111707,55451,56256,77071,49373,27698,17105,3866,13239,3745,1497,2248,17531,2212,15319,831,221,610,"Nanded, Maharashtra, India",2001
15,19,0,9,138720,60450,78270,66040,42412,23628,19952,6185,13767,3352,1461,1891,52728,11853,40875,1730,457,1273,"Nanded, Maharashtra, India",2001
15,19,0,10,57510,28597,28913,16278,12852,3426,4853,2605,2248,647,413,234,36379,13140,23239,856,307,549,"Nanded, Maharashtra, India",2001
15,19,0,11,22981,9730,13251,3834,2744,1090,1233,583,650,148,76,72,17914,6403,11511,102,48,54,"Nanded, Maharashtra, India",2001
15,19,1,0,88096,45509,42587,349,227,122,165,86,79,16,8,8,87582,45196,42386,843,464,379,"Nanded, Maharashtra, India",2001
15,19,1,1,92571,48773,43798,2004,1588,416,830,485,345,169,129,40,89737,46700,43037,2063,1264,799,"Nanded, Maharashtra, India",2001
15,19,1,2,76082,41577,34505,8497,7442,1055,2276,1571,705,890,718,172,65309,32564,32745,9270,6056,3214,"Nanded, Maharashtra, India",2001
15,19,1,3,62526,33128,29398,16699,14398,2301,2999,1915,1084,1334,1060,274,42828,16815,26013,9608,6606,3002,"Nanded, Maharashtra, India",2001
15,19,1,4,55901,27534,28367,23942,20401,3541,3196,1696,1500,1237,889,348,28763,5437,23326,4754,2826,1928,"Nanded, Maharashtra, India",2001
15,19,1,5,49145,25519,23626,26656,22666,3990,2883,1386,1497,1123,739,384,19606,1467,18139,1882,755,1127,"Nanded, Maharashtra, India",2001
15,19,1,6,45548,23228,22320,25317,21344,3973,2665,1192,1473,915,592,323,17566,692,16874,1226,292,934,"Nanded, Maharashtra, India",2001
15,19,1,7,61804,33992,27812,36763,31471,5292,3177,1496,1681,919,606,313,21864,1025,20839,1008,224,784,"Nanded, Maharashtra, India",2001
15,19,1,8,34641,18451,16190,18351,15674,2677,1631,714,917,355,186,169,14659,2063,12596,427,141,286,"Nanded, Maharashtra, India",2001
15,19,1,9,30665,13356,17309,8050,6494,1556,1523,733,790,294,151,143,21092,6129,14963,466,161,305,"Nanded, Maharashtra, India",2001
15,19,1,10,12931,6248,6683,2230,1966,264,374,233,141,58,38,20,10327,4049,6278,161,66,95,"Nanded, Maharashtra, India",2001
15,19,1,11,5278,2234,3044,571,480,91,79,53,26,11,7,4,4628,1701,2927,40,16,24,"Nanded, Maharashtra, India",2001
16,11,0,0,106533,54701,51832,565,296,269,657,306,351,43,23,20,105311,54099,51212,415,210,205,"Hingoli, Maharashtra, India",2001
16,11,0,1,112584,59880,52704,9133,4375,4758,4796,2103,2693,686,334,352,98655,53402,45253,1042,616,426,"Hingoli, Maharashtra, India",2001
16,11,0,2,73998,42182,31816,30829,17113,13716,6462,2899,3563,1983,1144,839,36707,22170,14537,3305,2434,871,"Hingoli, Maharashtra, India",2001
16,11,0,3,62960,32343,30617,45283,24559,20724,5413,2061,3352,2081,1259,822,12264,5723,6541,2295,1758,537,"Hingoli, Maharashtra, India",2001
16,11,0,4,61056,29253,31803,49655,26595,23060,4606,1276,3330,1610,814,796,6795,1382,5413,1044,625,419,"Hingoli, Maharashtra, India",2001
16,11,0,5,58320,28924,29396,49968,27533,22435,3859,944,2915,1395,578,817,4493,447,4046,441,191,250,"Hingoli, Maharashtra, India",2001
16,11,0,6,52941,26865,26076,45979,25842,20137,3380,731,2649,1067,404,663,3582,292,3290,267,73,194,"Hingoli, Maharashtra, India",2001
16,11,0,7,72409,38478,33931,62930,36974,25956,4457,1049,3408,1282,529,753,5022,455,4567,245,72,173,"Hingoli, Maharashtra, India",2001
16,11,0,8,43098,21347,21751,34956,19947,15009,2998,630,2368,638,244,394,5144,770,4374,144,44,100,"Hingoli, Maharashtra, India",2001
16,11,0,9,55752,23875,31877,33006,18580,14426,4501,1213,3288,632,235,397,18245,4082,14163,348,95,253,"Hingoli, Maharashtra, India",2001
16,11,0,10,25524,12757,12767,8949,6644,2305,1512,740,772,148,79,69,15063,5373,9690,159,56,103,"Hingoli, Maharashtra, India",2001
16,11,0,11,10041,4304,5737,1611,1186,425,348,193,155,34,22,12,8082,2925,5157,23,5,18,"Hingoli, Maharashtra, India",2001
16,11,1,0,20022,10295,9727,57,33,24,9,6,3,2,0,2,19956,10256,9700,123,68,55,"Hingoli, Maharashtra, India",2001
16,11,1,1,21724,11426,10298,603,424,179,159,114,45,51,41,10,20962,10888,10074,375,232,143,"Hingoli, Maharashtra, India",2001
16,11,1,2,16015,9001,7014,2156,1853,303,483,384,99,213,180,33,13376,6764,6612,1329,895,434,"Hingoli, Maharashtra, India",2001
16,11,1,3,12544,6561,5983,3982,3352,630,546,389,157,258,219,39,8016,2820,5196,1360,908,452,"Hingoli, Maharashtra, India",2001
16,11,1,4,11871,5669,6202,5328,4410,918,554,315,239,234,167,67,5989,944,5045,776,431,345,"Hingoli, Maharashtra, India",2001
16,11,1,5,11057,5624,5433,6138,5110,1028,529,269,260,232,151,81,4390,245,4145,283,126,157,"Hingoli, Maharashtra, India",2001
16,11,1,6,10305,5199,5106,5793,4833,960,522,239,283,204,137,67,3990,127,3863,182,49,133,"Hingoli, Maharashtra, India",2001
16,11,1,7,13775,7714,6061,8480,7222,1258,593,308,285,227,140,87,4702,184,4518,172,47,125,"Hingoli, Maharashtra, India",2001
16,11,1,8,7288,3841,3447,4034,3375,659,294,135,159,78,51,27,2960,331,2629,77,34,43,"Hingoli, Maharashtra, India",2001
16,11,1,9,7711,3130,4581,2380,1841,539,339,151,188,90,46,44,4992,1138,3854,99,18,81,"Hingoli, Maharashtra, India",2001
16,11,1,10,3375,1661,1714,716,637,79,89,59,30,19,12,7,2570,965,1605,23,14,9,"Hingoli, Maharashtra, India",2001
16,11,1,11,1239,514,725,112,105,7,15,10,5,2,1,1,1112,399,713,6,2,4,"Hingoli, Maharashtra, India",2001
17,23,0,0,136775,70255,66520,618,360,258,409,165,244,32,17,15,135748,69730,66018,546,311,235,"Parbhani, Maharashtra, India",2001
17,23,0,1,141542,75140,66402,10019,5671,4348,5249,1919,3330,844,407,437,126274,67550,58724,1574,861,713,"Parbhani, Maharashtra, India",2001
17,23,0,2,90321,51291,39030,35621,21797,13824,9543,3364,6179,2446,1388,1058,45157,26130,19027,3771,2535,1236,"Parbhani, Maharashtra, India",2001
17,23,0,3,72858,37794,35064,49013,28340,20673,8981,2373,6608,2391,1335,1056,14864,7081,7783,2613,1911,702,"Parbhani, Maharashtra, India",2001
17,23,0,4,70450,33279,37171,54169,30338,23831,8343,1388,6955,1950,807,1143,7938,1553,6385,1076,596,480,"Parbhani, Maharashtra, India",2001
17,23,0,5,71568,34446,37122,58286,32796,25490,7695,1094,6601,1721,624,1097,5587,556,5031,461,157,304,"Parbhani, Maharashtra, India",2001
17,23,0,6,67319,34012,33307,55918,32757,23161,6761,922,5839,1486,501,985,4640,333,4307,288,70,218,"Parbhani, Maharashtra, India",2001
17,23,0,7,92726,49203,43523,77014,47198,29816,8893,1286,7607,1766,653,1113,6819,719,6100,317,80,237,"Parbhani, Maharashtra, India",2001
17,23,0,8,56112,27325,28787,42566,25324,17242,6182,857,5325,900,262,638,7364,1144,6220,174,42,132,"Parbhani, Maharashtra, India",2001
17,23,0,9,78770,33871,44899,43136,25444,17692,8207,1926,6281,912,323,589,27427,6501,20926,303,66,237,"Parbhani, Maharashtra, India",2001
17,23,0,10,32290,16261,16029,10124,7811,2313,2147,1036,1111,213,136,77,20019,7414,12605,148,59,89,"Parbhani, Maharashtra, India",2001
17,23,0,11,11280,4457,6823,1517,1090,427,387,175,212,34,18,16,9376,3192,6184,43,18,25,"Parbhani, Maharashtra, India",2001
17,23,1,0,62665,32800,29865,162,123,39,64,37,27,10,7,3,62439,32640,29799,496,266,230,"Parbhani, Maharashtra, India",2001
17,23,1,1,67584,35882,31702,1330,1098,232,457,315,142,138,103,35,65797,34469,31328,1450,862,588,"Parbhani, Maharashtra, India",2001
17,23,1,2,51193,27968,23225,6344,5576,768,1270,918,352,540,429,111,43579,21474,22105,5058,3150,1908,"Parbhani, Maharashtra, India",2001
17,23,1,3,40062,21045,19017,11251,9690,1561,1558,1025,533,708,586,122,27253,10330,16923,5422,3501,1921,"Parbhani, Maharashtra, India",2001
17,23,1,4,35907,17476,18431,15608,13278,2330,1627,887,740,707,508,199,18672,3311,15361,2958,1600,1358,"Parbhani, Maharashtra, India",2001
17,23,1,5,34047,16826,17221,18043,15129,2914,1608,748,860,633,413,220,14396,949,13447,1279,454,825,"Parbhani, Maharashtra, India",2001
17,23,1,6,32917,16394,16523,18464,15312,3152,1530,644,886,562,345,217,12923,438,12485,810,158,652,"Parbhani, Maharashtra, India",2001
17,23,1,7,45809,25116,20693,27812,23701,4111,1736,743,993,605,374,231,16261,672,15589,747,159,588,"Parbhani, Maharashtra, India",2001
17,23,1,8,25110,13237,11873,13615,11481,2134,931,362,569,283,144,139,10564,1394,9170,343,94,249,"Parbhani, Maharashtra, India",2001
17,23,1,9,23594,10016,13578,6730,5187,1543,911,419,492,213,117,96,15953,4410,11543,257,96,161,"Parbhani, Maharashtra, India",2001
17,23,1,10,10390,4971,5419,2019,1704,315,271,144,127,61,33,28,8100,3123,4977,80,41,39,"Parbhani, Maharashtra, India",2001
17,23,1,11,3758,1556,2202,340,289,51,51,28,23,7,4,3,3367,1239,2128,23,14,9,"Parbhani, Maharashtra, India",2001
18,13,0,0,166479,86095,80384,924,482,442,398,158,240,48,26,22,165157,85455,79702,776,412,364,"Jalna, Maharashtra, India",2001
18,13,0,1,180856,96754,84102,10888,5550,5338,6132,2183,3949,1020,466,554,163836,89021,74815,1818,1073,745,"Jalna, Maharashtra, India",2001
18,13,0,2,119405,67587,51818,43204,25429,17775,13448,5327,8121,3969,2290,1679,62753,36831,25922,6691,4731,1960,"Jalna, Maharashtra, India",2001
18,13,0,3,94520,49737,44783,62235,36366,25869,12135,4105,8030,3868,2345,1523,20150,9266,10884,3975,2977,998,"Jalna, Maharashtra, India",2001
18,13,0,4,86932,41215,45717,65405,37118,28287,10630,2399,8231,3070,1435,1635,10897,1698,9199,1452,750,702,"Jalna, Maharashtra, India",2001
18,13,0,5,88592,42113,46479,70518,39620,30898,9995,1842,8153,2676,1095,1581,8079,651,7428,640,179,461,"Jalna, Maharashtra, India",2001
18,13,0,6,83804,42611,41193,68427,40492,27935,8748,1596,7152,2218,913,1305,6629,523,6106,475,117,358,"Jalna, Maharashtra, India",2001
18,13,0,7,115774,61196,54578,94536,57971,36565,11552,2174,9378,2439,985,1454,9686,1051,8635,522,133,389,"Jalna, Maharashtra, India",2001
18,13,0,8,71512,35328,36184,53188,32206,20982,7692,1466,6226,1148,412,736,10632,1656,8976,287,77,210,"Jalna, Maharashtra, India",2001
18,13,0,9,90278,38863,51415,47199,28449,18750,9712,2412,7300,1169,389,780,33367,8002,25365,754,161,593,"Jalna, Maharashtra, India",2001
18,13,0,10,43028,21384,21644,12779,9720,3059,3011,1446,1565,267,147,120,27238,10218,17020,312,100,212,"Jalna, Maharashtra, India",2001
18,13,0,11,15664,6422,9242,2513,1787,726,643,273,370,68,27,41,12508,4362,8146,43,19,24,"Jalna, Maharashtra, India",2001
18,13,1,0,38797,20276,18521,165,99,66,53,28,25,3,2,1,38579,20149,18430,218,127,91,"Jalna, Maharashtra, India",2001
18,13,1,1,41313,21681,19632,926,736,190,331,205,126,89,64,25,40056,20740,19316,612,389,223,"Jalna, Maharashtra, India",2001
18,13,1,2,32001,17505,14496,4296,3765,531,1100,783,317,408,325,83,26605,12957,13648,2725,1871,854,"Jalna, Maharashtra, India",2001
18,13,1,3,26925,13927,12998,8300,7287,1013,1545,1037,508,620,504,116,17080,5603,11477,2742,1797,945,"Jalna, Maharashtra, India",2001
18,13,1,4,24967,12039,12928,11105,9582,1523,1519,860,659,585,421,164,12343,1597,10746,1405,779,626,"Jalna, Maharashtra, India",2001
18,13,1,5,23193,11684,11509,12301,10488,1813,1390,684,706,532,379,153,9502,512,8990,598,204,394,"Jalna, Maharashtra, India",2001
18,13,1,6,21716,11056,10660,11920,10097,1823,1376,653,723,520,352,168,8420,306,8114,367,101,266,"Jalna, Maharashtra, India",2001
18,13,1,7,28482,16086,12396,16957,14654,2303,1681,892,789,543,363,180,9844,540,9304,325,96,229,"Jalna, Maharashtra, India",2001
18,13,1,8,14905,7881,7024,7611,6540,1071,782,378,404,202,131,71,6512,963,5549,142,64,78,"Jalna, Maharashtra, India",2001
18,13,1,9,13009,5559,7450,3578,2933,645,600,301,299,124,66,58,8831,2325,6506,137,57,80,"Jalna, Maharashtra, India",2001
18,13,1,10,6189,2933,3256,1156,994,162,224,138,86,58,42,16,4809,1801,3008,54,23,31,"Jalna, Maharashtra, India",2001
18,13,1,11,2486,1086,1400,358,296,62,56,39,17,5,5,0,2072,751,1321,15,7,8,"Jalna, Maharashtra, India",2001
19,3,0,0,225244,117204,108040,1335,722,613,1678,790,888,70,37,33,222231,115692,106539,826,459,367,"Aurangabad, Maharashtra, India",2001
19,3,0,1,249704,131750,117954,11913,5951,5962,11588,5253,6335,1192,613,579,226203,120546,105657,2128,1213,915,"Aurangabad, Maharashtra, India",2001
19,3,0,2,172050,98962,73088,56814,34237,22577,20521,10144,10377,6002,4030,1972,94715,54581,40134,9700,6950,2750,"Aurangabad, Maharashtra, India",2001
19,3,0,3,142917,75720,67197,92048,55157,36891,17967,7546,10421,6515,4437,2078,32902,13017,19885,6317,4511,1806,"Aurangabad, Maharashtra, India",2001
19,3,0,4,132591,65024,67567,99154,58160,40994,14973,4454,10519,4599,2530,2069,18464,2410,16054,2347,1005,1342,"Aurangabad, Maharashtra, India",2001
19,3,0,5,124162,61527,62635,99126,57523,41603,12844,3133,9711,3705,1704,2001,12192,871,11321,1135,303,832,"Aurangabad, Maharashtra, India",2001
19,3,0,6,113996,58602,55394,92962,55161,37801,11506,2786,8720,3261,1482,1779,9528,655,8873,803,173,630,"Aurangabad, Maharashtra, India",2001
19,3,0,7,153706,82491,71215,126058,77492,48566,14462,3661,10801,3564,1699,1865,13186,1338,11848,748,177,571,"Aurangabad, Maharashtra, India",2001
19,3,0,8,93352,45914,47438,69418,41438,27980,9356,2029,7327,1565,584,981,14578,2447,12131,558,144,414,"Aurangabad, Maharashtra, India",2001
19,3,0,9,118110,50468,67642,61839,36115,25724,12307,3418,8889,1405,525,880,43964,10935,33029,754,191,563,"Aurangabad, Maharashtra, India",2001
19,3,0,10,53794,27334,26460,16184,12332,3852,3659,1834,1825,358,196,162,33951,13168,20783,349,132,217,"Aurangabad, Maharashtra, India",2001
19,3,0,11,19465,8198,11267,3145,2147,998,668,322,346,54,32,22,15652,5729,9923,78,31,47,"Aurangabad, Maharashtra, India",2001
19,3,1,0,126948,66120,60828,377,294,83,109,55,54,9,8,1,126462,65771,60691,768,424,344,"Aurangabad, Maharashtra, India",2001
19,3,1,1,136534,72199,64335,2219,1819,400,590,431,159,162,126,36,133725,69949,63776,2054,1256,798,"Aurangabad, Maharashtra, India",2001
19,3,1,2,114738,63098,51640,13905,12391,1514,2386,1903,483,1064,935,129,98447,48804,49643,10484,6788,3696,"Aurangabad, Maharashtra, India",2001
19,3,1,3,108808,56952,51856,32704,28262,4442,3392,2532,860,1734,1459,275,72712,26158,46554,12857,8112,4745,"Aurangabad, Maharashtra, India",2001
19,3,1,4,97719,48794,48925,46863,39803,7060,3038,1945,1093,1493,1169,324,47818,7046,40772,6176,3069,3107,"Aurangabad, Maharashtra, India",2001
19,3,1,5,85742,44887,40855,49669,41719,7950,2642,1439,1203,1219,883,336,33431,1729,31702,2547,831,1716,"Aurangabad, Maharashtra, India",2001
19,3,1,6,76106,39824,36282,45521,37796,7725,2330,1105,1225,964,630,334,28255,923,27332,1546,368,1178,"Aurangabad, Maharashtra, India",2001
19,3,1,7,100517,56193,44324,62648,52989,9659,2645,1376,1269,961,668,293,35224,1828,33396,1210,397,813,"Aurangabad, Maharashtra, India",2001
19,3,1,8,52909,28472,24437,27818,23785,4033,1172,583,589,305,176,129,23919,4104,19815,492,181,311,"Aurangabad, Maharashtra, India",2001
19,3,1,9,42719,18831,23888,9407,7443,1964,1012,487,525,207,111,96,32300,10901,21399,418,193,225,"Aurangabad, Maharashtra, India",2001
19,3,1,10,18026,8648,9378,2433,2078,355,276,193,83,37,28,9,15317,6377,8940,127,60,67,"Aurangabad, Maharashtra, India",2001
19,3,1,11,6510,2807,3703,684,574,110,49,31,18,8,7,1,5777,2202,3575,40,17,23,"Aurangabad, Maharashtra, India",2001
20,21,0,0,360242,185504,174738,2510,1281,1229,2040,931,1109,166,81,85,355692,183292,172400,1390,708,682,"Nashik, Maharashtra, India",2001
20,21,0,1,379546,199002,180544,25531,12843,12688,18795,8322,10473,2310,1211,1099,335220,177837,157383,3109,1718,1391,"Nashik, Maharashtra, India",2001
20,21,0,2,311416,171842,139574,115962,65809,50153,37662,17191,20471,10457,6489,3968,157792,88842,68950,13365,9316,4049,"Nashik, Maharashtra, India",2001
20,21,0,3,263914,141776,122138,181879,106037,75842,32802,13268,19534,11586,7519,4067,49233,22471,26762,9984,7160,2824,"Nashik, Maharashtra, India",2001
20,21,0,4,228097,114619,113478,179202,103098,76104,25580,7777,17803,7917,4312,3605,23315,3744,19571,3228,1612,1616,"Nashik, Maharashtra, India",2001
20,21,0,5,209368,103680,105688,172013,96973,75040,21661,5531,16130,5679,2744,2935,15694,1176,14518,1194,372,822,"Nashik, Maharashtra, India",2001
20,21,0,6,202359,101564,100795,168190,95692,72498,20142,4963,15179,4836,2253,2583,14027,909,13118,808,216,592,"Nashik, Maharashtra, India",2001
20,21,0,7,295924,154531,141393,246147,145702,100445,28385,6976,21409,5570,2683,2887,21392,1853,19539,781,205,576,"Nashik, Maharashtra, India",2001
20,21,0,8,182979,92248,90731,135909,82350,53559,19654,4949,14705,2230,1012,1218,27416,4949,22467,513,163,350,"Nashik, Maharashtra, India",2001
20,21,0,9,167961,74628,93333,78281,47619,30662,18226,6242,11984,1204,527,677,71454,20767,50687,842,221,621,"Nashik, Maharashtra, India",2001
20,21,0,10,69011,33287,35724,16462,12090,4372,4724,2382,2342,240,125,115,47825,18815,29010,346,125,221,"Nashik, Maharashtra, India",2001
20,21,0,11,20972,9504,11468,3402,2286,1116,853,419,434,74,39,35,16717,6799,9918,64,29,35,"Nashik, Maharashtra, India",2001
20,21,1,0,209484,108901,100583,433,310,123,139,71,68,8,5,3,208912,108520,100392,664,378,286,"Nashik, Maharashtra, India",2001
20,21,1,1,232593,121549,111044,4647,3580,1067,1276,745,531,295,215,80,226670,117224,109446,2847,1951,896,"Nashik, Maharashtra, India",2001
20,21,1,2,205718,112518,93200,35401,30978,4423,6147,4468,1679,2519,2103,416,164170,77072,87098,13524,9157,4367,"Nashik, Maharashtra, India",2001
20,21,1,3,200115,108551,91564,75184,66221,8963,8319,5803,2516,3991,3460,531,116612,36527,80085,18640,12030,6610,"Nashik, Maharashtra, India",2001
20,21,1,4,173669,88606,85063,89283,76175,13108,6643,3647,2996,2579,1994,585,77743,8784,68959,8599,4320,4279,"Nashik, Maharashtra, India",2001
20,21,1,5,154797,81422,73375,91344,76523,14821,5493,2340,3153,1838,1298,540,57960,2559,55401,3425,1191,2234,"Nashik, Maharashtra, India",2001
20,21,1,6,140954,73849,67105,85477,70492,14985,4821,1826,2995,1461,941,520,50656,1531,49125,1872,530,1342,"Nashik, Maharashtra, India",2001
20,21,1,7,193089,106650,86439,120431,101097,19334,5584,2193,3391,1376,921,455,67074,3360,63714,1787,573,1214,"Nashik, Maharashtra, India",2001
20,21,1,8,106779,57669,49110,57271,48498,8773,2533,1095,1438,397,253,144,46975,8076,38899,576,292,284,"Nashik, Maharashtra, India",2001
20,21,1,9,75783,34015,41768,16587,12845,3742,1685,703,982,190,92,98,57511,20467,37044,323,174,149,"Nashik, Maharashtra, India",2001
20,21,1,10,31892,14957,16935,4114,3394,720,421,238,183,41,25,16,27357,11325,16032,118,69,49,"Nashik, Maharashtra, India",2001
20,21,1,11,10525,4641,5884,1148,944,204,103,59,44,15,9,6,9274,3638,5636,44,20,24,"Nashik, Maharashtra, India",2001
21,31,0,0,253437,129809,123628,950,544,406,1379,583,796,222,109,113,251108,128682,122426,957,490,467,"Thane, Maharashtra, India",2001
21,31,0,1,260775,137685,123090,10599,5241,5358,13429,5633,7796,2623,1266,1357,236747,126811,109936,3210,1751,1459,"Thane, Maharashtra, India",2001
21,31,0,2,216417,114340,102077,61595,37740,23855,39109,17700,21409,16703,9523,7180,115713,58900,56813,23153,14133,9020,"Thane, Maharashtra, India",2001
21,31,0,3,200646,105126,95520,106070,71146,34924,40347,17214,23133,18460,11761,6699,54229,16766,37463,16727,9624,7103,"Thane, Maharashtra, India",2001
21,31,0,4,196951,102170,94781,122127,83321,38806,36956,14224,22732,15617,9431,6186,37868,4625,33243,7771,3036,4735,"Thane, Maharashtra, India",2001
21,31,0,5,171360,89466,81894,113993,76681,37312,30920,10938,19982,11311,6593,4718,26447,1847,24600,3400,965,2435,"Thane, Maharashtra, India",2001
21,31,0,6,162571,82989,79582,109282,71284,37998,30597,10421,20176,10352,5873,4479,22692,1284,21408,2298,542,1756,"Thane, Maharashtra, India",2001
21,31,0,7,229166,121978,107188,154783,104143,50640,41223,14936,26287,11131,6654,4477,33160,2899,30261,2314,708,1606,"Thane, Maharashtra, India",2001
21,31,0,8,131108,66258,64850,75889,52063,23826,23154,8583,14571,3877,2331,1546,32065,5612,26453,943,365,578,"Thane, Maharashtra, India",2001
21,31,0,9,94314,41562,52752,31961,22083,9878,14425,6194,8231,1515,852,663,47928,13285,34643,793,306,487,"Thane, Maharashtra, India",2001
21,31,0,10,32862,14964,17898,6091,4810,1281,3062,1738,1324,216,126,90,23709,8416,15293,227,90,137,"Thane, Maharashtra, India",2001
21,31,0,11,10146,4520,5626,1464,1080,384,608,352,256,66,47,19,8074,3088,4986,20,11,9,"Thane, Maharashtra, India",2001
21,31,1,0,579656,302146,277510,1561,1135,426,413,217,196,55,29,26,577682,300794,276888,2758,1536,1222,"Thane, Maharashtra, India",2001
21,31,1,1,603933,319724,284209,10596,8176,2420,2452,1485,967,519,361,158,590885,310063,280822,6748,4160,2588,"Thane, Maharashtra, India",2001
21,31,1,2,567307,321109,246198,99380,88189,11191,13611,9660,3951,5532,4407,1125,454316,223260,231056,53086,34890,18196,"Thane, Maharashtra, India",2001
21,31,1,3,625616,357853,267763,263568,231766,31802,23243,16546,6697,11917,9884,2033,338805,109541,229264,73871,46271,27600,"Thane, Maharashtra, India",2001
21,31,1,4,636564,345417,291147,345161,300464,44697,20775,13683,7092,9842,8024,1818,270628,31270,239358,37063,17591,19472,"Thane, Maharashtra, India",2001
21,31,1,5,556956,308688,248268,331907,287796,44111,16557,9809,6748,7209,5717,1492,208492,11083,197409,16260,6257,10003,"Thane, Maharashtra, India",2001
21,31,1,6,496235,270841,225394,299240,255433,43807,15138,8250,6888,6284,4847,1437,181857,7158,174699,10756,3682,7074,"Thane, Maharashtra, India",2001
21,31,1,7,670095,387671,282424,416742,360856,55886,18055,10378,7677,6236,4989,1247,235298,16437,218861,11223,5487,5736,"Thane, Maharashtra, India",2001
21,31,1,8,340030,192754,147276,172525,152790,19735,7749,4752,2997,1692,1336,356,159756,35212,124544,4313,2853,1460,"Thane, Maharashtra, India",2001
21,31,1,9,187376,95088,92288,35762,31160,4602,3444,2076,1368,488,357,131,148170,61852,86318,1867,1084,783,"Thane, Maharashtra, India",2001
21,31,1,10,71484,34633,36851,7014,6139,875,849,571,278,82,59,23,63621,27923,35698,452,257,195,"Thane, Maharashtra, India",2001
21,31,1,11,23967,10493,13474,2379,2037,342,195,128,67,30,21,9,21393,8328,13065,120,61,59,"Thane, Maharashtra, India",2001
22,17,1,0,782708,408573,374135,2903,1922,981,654,380,274,60,45,15,779151,406271,372880,5063,2752,2311,"Mumbai (Suburban), Maharashtra, India",2001
22,17,1,1,858167,457008,401159,16418,12155,4263,3525,2235,1290,922,681,241,838224,442618,395606,14143,8490,5653,"Mumbai (Suburban), Maharashtra, India",2001
22,17,1,2,868072,493672,374400,152679,127755,24924,22871,17065,5806,10634,8688,1946,692522,348852,343670,104694,66884,37810,"Mumbai (Suburban), Maharashtra, India",2001
22,17,1,3,952124,555408,396716,412407,351052,61355,38574,29945,8629,22574,19360,3214,501143,174411,326732,132041,81099,50942,"Mumbai (Suburban), Maharashtra, India",2001
22,17,1,4,902025,504794,397231,504993,430878,74115,30890,23202,7688,17597,15053,2544,366142,50714,315428,63577,31382,32195,"Mumbai (Suburban), Maharashtra, India",2001
22,17,1,5,755606,422630,332976,451566,387073,64493,22847,15757,7090,12327,10316,2011,281193,19800,261393,28830,12100,16730,"Mumbai (Suburban), Maharashtra, India",2001
22,17,1,6,690066,374018,316048,414406,349155,65251,20017,12513,7504,9920,7894,2026,255643,12350,243293,19060,6743,12317,"Mumbai (Suburban), Maharashtra, India",2001
22,17,1,7,1004529,563313,441216,615564,520524,95040,24902,16113,8789,10823,8918,1905,364063,26676,337387,20719,10073,10646,"Mumbai (Suburban), Maharashtra, India",2001
22,17,1,8,586061,326243,259818,305091,262609,42482,10835,7277,3558,3276,2682,594,270135,56357,213778,9166,5516,3650,"Mumbai (Suburban), Maharashtra, India",2001
22,17,1,9,338013,173473,164540,72997,62517,10480,4748,3169,1579,822,607,215,260268,107787,152481,3991,2404,1587,"Mumbai (Suburban), Maharashtra, India",2001
22,17,1,10,137170,68257,68913,15608,13353,2255,1206,819,387,188,138,50,120356,54085,66271,1106,626,480,"Mumbai (Suburban), Maharashtra, India",2001
22,17,1,11,45885,20401,25484,4695,3966,729,302,208,94,64,52,12,40888,16227,24661,321,143,178,"Mumbai (Suburban), Maharashtra, India",2001
23,16,1,0,258330,134688,123642,1446,967,479,260,136,124,23,14,9,256624,133585,123039,2181,1190,991,"Mumbai, Maharashtra, India",2001
23,16,1,1,291481,155874,135607,8262,6592,1670,1057,742,315,272,207,65,282162,148540,133622,5731,3406,2325,"Mumbai, Maharashtra, India",2001
23,16,1,2,336557,197647,138910,70590,61812,8778,7182,5546,1636,3545,2939,606,258785,130289,128496,48635,29778,18857,"Mumbai, Maharashtra, India",2001
23,16,1,3,393506,243553,149953,182465,159415,23050,12730,9862,2868,7744,6543,1201,198311,74276,124035,64764,38374,26390,"Mumbai, Maharashtra, India",2001
23,16,1,4,354373,209592,144781,205017,177206,27811,10382,7845,2537,6211,5203,1008,138974,24541,114433,33836,16139,17697,"Mumbai, Maharashtra, India",2001
23,16,1,5,289243,169414,119829,178663,153947,24716,7437,5103,2334,4068,3345,723,103143,10364,92779,15661,6916,8745,"Mumbai, Maharashtra, India",2001
23,16,1,6,262998,147727,115271,162275,136768,25507,6478,4048,2430,3149,2482,667,94245,6911,87334,10360,4066,6294,"Mumbai, Maharashtra, India",2001
23,16,1,7,401767,228581,173186,250329,209952,40377,8549,5206,3343,3555,2831,724,142889,13423,129466,11061,5444,5617,"Mumbai, Maharashtra, India",2001
23,16,1,8,252279,142868,109411,137350,116534,20816,4180,2609,1571,1136,897,239,110749,23725,87024,4553,2778,1775,"Mumbai, Maharashtra, India",2001
23,16,1,9,154372,75582,78790,38993,32627,6366,1900,1105,795,298,203,95,113479,41850,71629,1879,1008,871,"Mumbai, Maharashtra, India",2001
23,16,1,10,74947,35281,39666,10881,9087,1794,651,413,238,76,55,21,63415,25781,37634,592,294,298,"Mumbai, Maharashtra, India",2001
23,16,1,11,27817,12292,15525,2961,2519,442,161,97,64,26,21,5,24695,9676,15019,185,93,92,"Mumbai, Maharashtra, India",2001
24,25,0,0,176660,90357,86303,470,282,188,963,470,493,45,25,20,175227,89605,85622,687,347,340,"Raigad, Maharashtra, India",2001
24,25,0,1,195099,101004,94095,3085,1697,1388,6822,2961,3861,961,514,447,185192,96346,88846,2272,1239,1033,"Raigad, Maharashtra, India",2001
24,25,0,2,164324,82847,81477,25485,15966,9519,26827,11733,15094,11061,6655,4406,112012,55148,56864,23351,14484,8867,"Raigad, Maharashtra, India",2001
24,25,0,3,146302,72580,73722,55572,38477,17095,33373,14900,18473,16092,10880,5212,57357,19203,38154,19308,11687,7621,"Raigad, Maharashtra, India",2001
24,25,0,4,139093,67385,71708,69974,49472,20502,30879,12383,18496,13410,8636,4774,38240,5530,32710,8995,3941,5054,"Raigad, Maharashtra, India",2001
24,25,0,5,124018,61613,62405,72037,49857,22180,26488,9789,16699,9647,6172,3475,25493,1967,23526,3517,1181,2336,"Raigad, Maharashtra, India",2001
24,25,0,6,116332,56673,59659,69790,46424,23366,25314,8996,16318,8482,5219,3263,21228,1253,19975,2306,620,1686,"Raigad, Maharashtra, India",2001
24,25,0,7,171717,87528,84189,105639,71533,34106,35806,13358,22448,9054,5783,3271,30272,2637,27635,2343,820,1523,"Raigad, Maharashtra, India",2001
24,25,0,8,115566,55794,59772,60809,41845,18964,22924,8504,14420,3097,1930,1167,31833,5445,26388,1093,435,658,"Raigad, Maharashtra, India",2001
24,25,0,9,96436,43446,52990,30551,21814,8737,15502,7043,8459,1137,688,449,50383,14589,35794,774,302,472,"Raigad, Maharashtra, India",2001
24,25,0,10,38483,18377,20106,6883,5610,1273,3627,2161,1466,181,118,63,27973,10606,17367,259,106,153,"Raigad, Maharashtra, India",2001
24,25,0,11,12810,5763,7047,1372,1092,280,691,387,304,73,39,34,10747,4284,6463,54,25,29,"Raigad, Maharashtra, India",2001
24,25,1,0,53070,27510,25560,99,66,33,61,32,29,9,6,3,52910,27412,25498,230,118,112,"Raigad, Maharashtra, India",2001
24,25,1,1,56872,29803,27069,715,525,190,401,226,175,81,60,21,55756,29052,26704,637,346,291,"Raigad, Maharashtra, India",2001
24,25,1,2,51788,28092,23696,6730,5733,997,2062,1390,672,852,689,163,42996,20969,22027,5882,3632,2250,"Raigad, Maharashtra, India",2001
24,25,1,3,54084,29043,25041,19313,16818,2495,3396,2298,1098,1786,1429,357,31375,9927,21448,8432,4958,3474,"Raigad, Maharashtra, India",2001
24,25,1,4,55022,27977,27045,26799,23247,3552,3129,1921,1208,1538,1208,330,25094,2809,22285,4292,1781,2511,"Raigad, Maharashtra, India",2001
24,25,1,5,49279,26517,22762,27765,24086,3679,2629,1479,1150,1135,875,260,18885,952,17933,1780,602,1178,"Raigad, Maharashtra, India",2001
24,25,1,6,43597,23218,20379,25091,21323,3768,2438,1280,1158,940,712,228,16068,615,15453,1103,333,770,"Raigad, Maharashtra, India",2001
24,25,1,7,58851,33518,25333,35509,30377,5132,3266,1769,1497,1035,790,245,20076,1372,18704,1015,463,552,"Raigad, Maharashtra, India",2001
24,25,1,8,31147,17196,13951,15535,13410,2125,1575,917,658,319,246,73,14037,2869,11168,399,232,167,"Raigad, Maharashtra, India",2001
24,25,1,9,19074,9013,10061,3753,3181,572,741,433,308,99,63,36,14580,5399,9181,223,108,115,"Raigad, Maharashtra, India",2001
24,25,1,10,8242,3851,4391,1034,895,139,195,138,57,15,13,2,7013,2818,4195,74,37,37,"Raigad, Maharashtra, India",2001
24,25,1,11,2804,1238,1566,286,255,31,54,30,24,7,5,2,2464,953,1511,15,8,7,"Raigad, Maharashtra, India",2001
25,24,0,0,315570,162315,153255,1740,990,750,1522,701,821,60,36,24,312308,160624,151684,1138,631,507,"Pune, Maharashtra, India",2001
25,24,0,1,354331,184338,169993,11407,5776,5631,11680,5237,6443,992,535,457,331244,173325,157919,3218,1849,1369,"Pune, Maharashtra, India",2001
25,24,0,2,288449,161018,127431,78468,48063,30405,31250,15457,15793,10418,7290,3128,178731,97498,81233,28639,20014,8625,"Pune, Maharashtra, India",2001
25,24,0,3,260628,136712,123916,155877,96242,59635,32741,14319,18422,13323,9877,3446,72010,26151,45859,19205,12697,6508,"Pune, Maharashtra, India",2001
25,24,0,4,241442,119558,121884,176196,106177,70019,25807,8232,17575,8437,5403,3034,39439,5149,34290,7005,2957,4048,"Pune, Maharashtra, India",2001
25,24,0,5,222044,110763,111281,174796,103347,71449,21689,5592,16097,5522,3131,2391,25559,1824,23735,2411,797,1614,"Pune, Maharashtra, India",2001
25,24,0,6,213635,105145,108490,171520,99171,72349,19919,4628,15291,4367,2360,2007,22196,1346,20850,1685,457,1228,"Pune, Maharashtra, India",2001
25,24,0,7,317095,164702,152393,256547,155200,101347,27870,6651,21219,4471,2374,2097,32678,2851,29827,1722,480,1242,"Pune, Maharashtra, India",2001
25,24,0,8,201546,101635,99911,147734,91009,56725,18688,4693,13995,1652,868,784,35124,5933,29191,932,326,606,"Pune, Maharashtra, India",2001
25,24,0,9,192546,89462,103084,95773,60820,34953,18961,6299,12662,895,446,449,77812,22343,55469,1011,320,691,"Pune, Maharashtra, India",2001
25,24,0,10,83693,43642,40051,23686,18391,5295,5814,3097,2717,162,99,63,54193,22154,32039,407,184,223,"Pune, Maharashtra, India",2001
25,24,0,11,28624,13650,14974,4190,3046,1144,1021,533,488,48,27,21,23413,10071,13342,66,28,38,"Pune, Maharashtra, India",2001
25,24,1,0,386983,201716,185267,927,673,254,279,163,116,30,18,12,385777,200880,184897,1470,823,647,"Pune, Maharashtra, India",2001
25,24,1,1,434468,226670,207798,6307,4205,2102,1490,890,600,379,272,107,426671,221575,205096,4246,2601,1645,"Pune, Maharashtra, India",2001
25,24,1,2,415605,226590,189015,56316,47451,8865,9671,7383,2288,4385,3726,659,349618,171756,177862,40264,26205,14059,"Pune, Maharashtra, India",2001
25,24,1,3,461247,247889,213358,162942,136702,26240,18224,13641,4583,10088,8610,1478,280081,97546,182535,59740,36196,23544,"Pune, Maharashtra, India",2001
25,24,1,4,429536,222757,206779,227629,187985,39644,15790,10209,5581,7947,6342,1605,186117,24563,161554,30054,13241,16813,"Pune, Maharashtra, India",2001
25,24,1,5,360171,191975,168196,218719,177627,41092,12163,6708,5455,5432,4068,1364,129289,7640,121649,12072,3938,8134,"Pune, Maharashtra, India",2001
25,24,1,6,319433,164483,154950,196071,154156,41915,10927,5260,5667,4359,3031,1328,112435,5067,107368,7677,2214,5463,"Pune, Maharashtra, India",2001
25,24,1,7,462344,249408,212936,288882,232226,56656,13039,6584,6455,4413,3156,1257,160423,10598,149825,7013,2694,4319,"Pune, Maharashtra, India",2001
25,24,1,8,273726,147284,126442,142975,117980,24995,5942,3220,2722,1375,1007,368,124809,26084,98725,2526,1346,1180,"Pune, Maharashtra, India",2001
25,24,1,9,173721,82879,90842,34689,27081,7608,3255,1770,1485,418,291,127,135777,54028,81749,1283,671,612,"Pune, Maharashtra, India",2001
25,24,1,10,78101,37953,40148,8285,6740,1545,918,606,312,84,62,22,68898,30607,38291,346,167,179,"Pune, Maharashtra, India",2001
25,24,1,11,26764,12563,14201,2510,2059,451,210,138,72,38,28,10,24044,10366,13678,111,49,62,"Pune, Maharashtra, India",2001
26,0,0,0,352028,182582,169446,2965,1710,1255,1838,853,985,87,52,35,347225,180019,167206,1887,987,900,"Ahmednagar, Maharashtra, India",2001
26,0,0,1,409017,213790,195227,14917,7629,7288,13056,5728,7328,1213,612,601,381044,200433,180611,4070,2295,1775,"Ahmednagar, Maharashtra, India",2001
26,0,0,2,308925,173176,135749,86851,51786,35065,31161,14863,16298,8701,5851,2850,190913,106527,84386,23173,15930,7243,"Ahmednagar, Maharashtra, India",2001
26,0,0,3,267490,140779,126711,166936,97744,69192,31692,13054,18638,11742,8138,3604,68862,29981,38881,18123,12368,5755,"Ahmednagar, Maharashtra, India",2001
26,0,0,4,240416,116776,123640,180667,103729,76938,25915,7581,18334,8053,4636,3417,33834,5466,28368,6421,2880,3541,"Ahmednagar, Maharashtra, India",2001
26,0,0,5,228335,112115,116220,182892,104845,78047,22114,5346,16768,5396,2773,2623,23329,1924,21405,2445,706,1739,"Ahmednagar, Maharashtra, India",2001
26,0,0,6,218942,108160,110782,177529,102185,75344,20512,4528,15984,4513,2082,2431,20901,1447,19454,1745,395,1350,"Ahmednagar, Maharashtra, India",2001
26,0,0,7,323450,168069,155381,263275,158943,104332,28189,6196,21993,5023,2294,2729,31986,2930,29056,1691,393,1298,"Ahmednagar, Maharashtra, India",2001
26,0,0,8,203841,103526,100315,151916,93686,58230,18680,4182,14498,2077,862,1215,33245,5658,27587,1140,303,837,"Ahmednagar, Maharashtra, India",2001
26,0,0,9,214680,96587,118093,105805,65790,40015,20327,6133,14194,1412,532,880,88548,24664,63884,1770,423,1347,"Ahmednagar, Maharashtra, India",2001
26,0,0,10,91027,46996,44031,24183,18837,5346,5513,2836,2677,266,137,129,61331,25323,36008,710,234,476,"Ahmednagar, Maharashtra, India",2001
26,0,0,11,31894,14565,17329,5177,3632,1545,1071,521,550,73,38,35,25646,10412,15234,136,51,85,"Ahmednagar, Maharashtra, India",2001
26,0,1,0,81871,42832,39039,541,381,160,177,103,74,34,21,13,81153,42348,38805,417,229,188,"Ahmednagar, Maharashtra, India",2001
26,0,1,1,96396,51156,45240,2053,1485,568,666,389,277,127,90,37,93677,49282,44395,960,602,358,"Ahmednagar, Maharashtra, India",2001
26,0,1,2,86325,48398,37927,13353,11450,1903,2882,2023,859,905,743,162,70090,34925,35165,5884,3965,1919,"Ahmednagar, Maharashtra, India",2001
26,0,1,3,80296,43974,36322,29287,24940,4347,4163,2685,1478,1711,1393,318,46846,16349,30497,7489,4770,2719,"Ahmednagar, Maharashtra, India",2001
26,0,1,4,67075,33131,33944,34121,27794,6327,3547,1743,1804,1319,949,370,29407,3594,25813,3375,1594,1781,"Ahmednagar, Maharashtra, India",2001
26,0,1,5,62032,31187,30845,35905,28751,7154,3339,1340,1999,1076,696,380,22788,1096,21692,1403,421,982,"Ahmednagar, Maharashtra, India",2001
26,0,1,6,60512,30702,29810,36675,28832,7843,3085,1123,1962,890,541,349,20752,747,20005,943,218,725,"Ahmednagar, Maharashtra, India",2001
26,0,1,7,85695,46786,38909,54251,43656,10595,3861,1557,2304,1015,662,353,27583,1573,26010,927,290,637,"Ahmednagar, Maharashtra, India",2001
26,0,1,8,46981,25123,21858,25863,21100,4763,1856,720,1136,309,195,114,19262,3303,15959,356,151,205,"Ahmednagar, Maharashtra, India",2001
26,0,1,9,39021,16921,22100,10170,7631,2539,1535,624,911,188,90,98,27316,8666,18650,369,159,210,"Ahmednagar, Maharashtra, India",2001
26,0,1,10,16773,8200,8573,2663,2221,442,411,245,166,34,23,11,13699,5734,7965,113,59,54,"Ahmednagar, Maharashtra, India",2001
26,0,1,11,5564,2522,3042,755,619,136,94,45,49,12,8,4,4715,1858,2857,27,8,19,"Ahmednagar, Maharashtra, India",2001
27,4,0,0,219743,114099,105644,893,488,405,1231,539,692,49,27,22,217619,113072,104547,662,345,317,"Beed, Maharashtra, India",2001
27,4,0,1,243127,129508,113619,9615,4750,4865,9120,3939,5181,967,482,485,224392,120819,103573,1616,900,716,"Beed, Maharashtra, India",2001
27,4,0,2,160006,94108,65898,44212,25390,18822,15340,7484,7856,4132,2787,1345,100454,61234,39220,7866,5458,2408,"Beed, Maharashtra, India",2001
27,4,0,3,124110,65999,58111,75839,41557,34282,14474,5783,8691,4908,3333,1575,33797,18659,15138,7035,5438,1597,"Beed, Maharashtra, India",2001
27,4,0,4,116717,56418,60299,88717,49135,39582,12293,3491,8802,3578,2024,1554,15707,3792,11915,2418,1517,901,"Beed, Maharashtra, India",2001
27,4,0,5,118371,57323,61048,96799,53722,43077,11044,2542,8502,2740,1344,1396,10528,1059,9469,842,347,495,"Beed, Maharashtra, India",2001
27,4,0,6,113258,56128,57130,94162,53425,40737,9934,2145,7789,2348,1061,1287,9162,558,8604,544,125,419,"Beed, Maharashtra, India",2001
27,4,0,7,163985,86842,77143,138545,82905,55640,13342,2831,10511,2470,1093,1377,12098,1106,10992,458,145,313,"Beed, Maharashtra, India",2001
27,4,0,8,103800,51683,52117,82243,47872,34371,9717,1930,7787,1299,497,802,11840,1881,9959,248,63,185,"Beed, Maharashtra, India",2001
27,4,0,9,133401,58670,74731,78567,44637,33930,14683,3995,10688,1234,470,764,40151,10038,30113,353,97,256,"Beed, Maharashtra, India",2001
27,4,0,10,62538,32600,29938,21622,16296,5326,5012,2502,2510,321,189,132,35904,13802,22102,203,89,114,"Beed, Maharashtra, India",2001
27,4,0,11,22020,9425,12595,3333,2358,975,966,488,478,49,28,21,17721,6579,11142,62,24,38,"Beed, Maharashtra, India",2001
27,4,1,0,46946,24480,22466,147,110,37,46,25,21,8,6,2,46753,24345,22408,322,181,141,"Beed, Maharashtra, India",2001
27,4,1,1,52084,27678,24406,757,624,133,288,200,88,86,67,19,51039,26854,24185,766,453,313,"Beed, Maharashtra, India",2001
27,4,1,2,42882,23834,19048,4046,3632,414,934,733,201,425,368,57,37902,19469,18433,3611,2261,1350,"Beed, Maharashtra, India",2001
27,4,1,3,33600,17806,15794,8343,7241,1102,1238,871,367,593,480,113,24019,9694,14325,4091,2748,1343,"Beed, Maharashtra, India",2001
27,4,1,4,29956,14504,15452,12721,10828,1893,1305,805,500,612,452,160,15930,2871,13059,2143,1272,871,"Beed, Maharashtra, India",2001
27,4,1,5,28060,14128,13932,14834,12654,2180,1303,686,617,583,414,169,11923,788,11135,793,363,430,"Beed, Maharashtra, India",2001
27,4,1,6,27014,13426,13588,14718,12426,2292,1274,624,650,546,370,176,11022,376,10646,475,138,337,"Beed, Maharashtra, India",2001
27,4,1,7,36935,20572,16363,22255,19228,3027,1533,748,785,584,379,205,13147,596,12551,422,139,283,"Beed, Maharashtra, India",2001
27,4,1,8,19637,10490,9147,10544,9064,1480,742,352,390,252,150,102,8351,1074,7277,153,52,101,"Beed, Maharashtra, India",2001
27,4,1,9,18807,7992,10815,5236,4202,1034,746,372,374,194,117,77,12825,3418,9407,188,63,125,"Beed, Maharashtra, India",2001
27,4,1,10,8541,4177,4364,1702,1493,209,256,162,94,59,42,17,6583,2522,4061,62,24,38,"Beed, Maharashtra, India",2001
27,4,1,11,3137,1337,1800,337,291,46,34,24,10,5,4,1,2766,1022,1744,18,9,9,"Beed, Maharashtra, India",2001
28,15,0,0,190403,97980,92423,750,440,310,435,210,225,37,19,18,189218,97330,91888,775,385,390,"Latur, Maharashtra, India",2001
28,15,0,1,208208,109329,98879,6337,4030,2307,3511,1480,2031,525,292,233,198360,103819,94541,1755,946,809,"Latur, Maharashtra, India",2001
28,15,0,2,156513,87106,69407,37119,25188,11931,12392,4838,7554,3321,1883,1438,107002,57080,49922,8754,5847,2907,"Latur, Maharashtra, India",2001
28,15,0,3,126584,69442,57142,68906,45117,23789,16429,5029,11400,5070,2788,2282,41249,19296,21953,8035,6160,1875,"Latur, Maharashtra, India",2001
28,15,0,4,112285,55448,56837,75329,47505,27824,15485,3303,12182,4160,1836,2324,21471,4640,16831,3280,2160,1120,"Latur, Maharashtra, India",2001
28,15,0,5,105137,52131,53006,77630,48676,28954,13563,2237,11326,3331,1179,2152,13944,1218,12726,1113,485,628,"Latur, Maharashtra, India",2001
28,15,0,6,97095,48708,48387,73605,46337,27268,11908,1748,10160,2747,902,1845,11582,623,10959,639,186,453,"Latur, Maharashtra, India",2001
28,15,0,7,137416,73540,63876,105547,70129,35418,15587,2334,13253,3136,966,2170,16282,1077,15205,643,154,489,"Latur, Maharashtra, India",2001
28,15,0,8,86589,43279,43310,61718,40327,21391,10402,1403,8999,1735,457,1278,14469,1549,12920,303,62,241,"Latur, Maharashtra, India",2001
28,15,0,9,118291,52722,65569,62705,41334,21371,13514,2880,10634,1804,503,1301,42072,8508,33564,601,152,449,"Latur, Maharashtra, India",2001
28,15,0,10,53168,28217,24951,17503,14584,2919,3529,1697,1832,357,196,161,32136,11936,20200,279,113,166,"Latur, Maharashtra, India",2001
28,15,0,11,21705,9698,12007,3445,2716,729,840,402,438,72,38,34,17420,6580,10840,66,25,41,"Latur, Maharashtra, India",2001
28,15,1,0,62187,32436,29751,316,197,119,42,18,24,3,1,2,61829,32221,29608,453,247,206,"Latur, Maharashtra, India",2001
28,15,1,1,66955,35992,30963,1237,999,238,289,195,94,76,54,22,65429,34798,30631,1195,707,488,"Latur, Maharashtra, India",2001
28,15,1,2,55033,29952,25081,5649,5065,584,976,734,242,373,294,79,48408,24153,24255,5111,3121,1990,"Latur, Maharashtra, India",2001
28,15,1,3,43794,22960,20834,11798,10367,1431,1334,912,422,574,458,116,30662,11681,18981,5478,3597,1881,"Latur, Maharashtra, India",2001
28,15,1,4,38708,18869,19839,17070,14754,2316,1397,762,635,531,361,170,20241,3353,16888,2696,1500,1196,"Latur, Maharashtra, India",2001
28,15,1,5,35093,17764,17329,18681,16121,2560,1340,654,686,511,334,177,15072,989,14083,1194,468,726,"Latur, Maharashtra, India",2001
28,15,1,6,32701,16396,16305,17928,15359,2569,1258,571,687,426,257,169,13515,466,13049,666,169,497,"Latur, Maharashtra, India",2001
28,15,1,7,43938,24632,19306,26507,23243,3264,1506,737,769,477,315,162,15925,652,15273,564,124,440,"Latur, Maharashtra, India",2001
28,15,1,8,23623,13023,10600,12958,11392,1566,728,370,358,187,107,80,9937,1261,8676,260,70,190,"Latur, Maharashtra, India",2001
28,15,1,9,21905,9535,12370,6347,5224,1123,770,395,375,175,105,70,14788,3916,10872,314,82,232,"Latur, Maharashtra, India",2001
28,15,1,10,10034,4977,5057,2144,1928,216,236,164,72,45,34,11,7654,2885,4769,110,36,74,"Latur, Maharashtra, India",2001
28,15,1,11,4383,1994,2389,619,546,73,61,30,31,6,3,3,3703,1418,2285,35,14,21,"Latur, Maharashtra, India",2001
29,22,0,0,141386,73304,68082,1178,655,523,448,200,248,36,23,13,139760,72449,67311,963,519,444,"Osmanabad, Maharashtra, India",2001
29,22,0,1,162869,85508,77361,6319,3762,2557,3513,1505,2008,581,306,275,153037,80241,72796,2377,1338,1039,"Osmanabad, Maharashtra, India",2001
29,22,0,2,119572,68038,51534,31153,20715,10438,10186,4493,5693,3472,2158,1314,78233,42830,35403,12600,8135,4465,"Osmanabad, Maharashtra, India",2001
29,22,0,3,92804,50899,41905,51075,32196,18879,11484,4355,7129,4343,2735,1608,30245,14348,15897,9224,6572,2652,"Osmanabad, Maharashtra, India",2001
29,22,0,4,89362,43524,45838,61500,36516,24984,11374,3242,8132,3758,1993,1765,16488,3766,12722,3888,2197,1691,"Osmanabad, Maharashtra, India",2001
29,22,0,5,82524,40964,41560,62808,37555,25253,9689,2367,7322,2636,1240,1396,10027,1042,8985,1241,509,732,"Osmanabad, Maharashtra, India",2001
29,22,0,6,79672,39788,39884,62276,37194,25082,8875,1970,6905,2159,935,1224,8521,624,7897,795,225,570,"Osmanabad, Maharashtra, India",2001
29,22,0,7,112910,60422,52488,89038,56776,32262,11592,2563,9029,2368,962,1406,12280,1083,11197,798,231,567,"Osmanabad, Maharashtra, India",2001
29,22,0,8,71651,36043,35608,52709,32978,19731,7696,1595,6101,1289,417,872,11246,1470,9776,452,84,368,"Osmanabad, Maharashtra, India",2001
29,22,0,9,100117,44218,55899,56491,34207,22284,11002,2841,8161,1427,474,953,32624,7170,25454,876,179,697,"Osmanabad, Maharashtra, India",2001
29,22,0,10,47315,25812,21503,17314,13785,3529,3517,1815,1702,347,171,176,26484,10212,16272,436,145,291,"Osmanabad, Maharashtra, India",2001
29,22,0,11,19691,9327,10364,3841,2828,1013,933,425,508,98,45,53,14917,6074,8843,135,56,79,"Osmanabad, Maharashtra, India",2001
29,22,1,0,27999,14590,13409,176,99,77,32,19,13,4,2,2,27791,14472,13319,316,169,147,"Osmanabad, Maharashtra, India",2001
29,22,1,1,30717,16122,14595,620,463,157,196,135,61,69,48,21,29901,15524,14377,809,455,354,"Osmanabad, Maharashtra, India",2001
29,22,1,2,25340,13858,11482,2688,2280,408,727,523,204,327,247,80,21925,11055,10870,3530,2182,1348,"Osmanabad, Maharashtra, India",2001
29,22,1,3,20816,11017,9799,5346,4593,753,1053,733,320,549,421,128,14417,5691,8726,3942,2555,1387,"Osmanabad, Maharashtra, India",2001
29,22,1,4,18366,8939,9427,7710,6415,1295,1137,652,485,564,388,176,9519,1872,7647,1989,1102,887,"Osmanabad, Maharashtra, India",2001
29,22,1,5,16647,8330,8317,8754,7226,1528,1057,544,513,489,323,166,6836,560,6276,810,329,481,"Osmanabad, Maharashtra, India",2001
29,22,1,6,15764,7980,7784,8878,7279,1599,979,428,551,389,231,158,5907,273,5634,426,98,328,"Osmanabad, Maharashtra, India",2001
29,22,1,7,21413,11875,9538,12972,10994,1978,1158,529,629,403,246,157,7283,352,6931,325,84,241,"Osmanabad, Maharashtra, India",2001
29,22,1,8,12245,6660,5585,6776,5674,1102,628,274,354,207,99,108,4841,712,4129,163,43,120,"Osmanabad, Maharashtra, India",2001
29,22,1,9,11843,5036,6807,3345,2533,812,644,299,345,160,74,86,7854,2204,5650,176,56,120,"Osmanabad, Maharashtra, India",2001
29,22,1,10,5536,2787,2749,1200,1042,158,189,118,71,42,28,14,4147,1627,2520,52,20,32,"Osmanabad, Maharashtra, India",2001
29,22,1,11,2365,1026,1339,255,203,52,60,30,30,15,6,9,2050,793,1257,17,9,8,"Osmanabad, Maharashtra, India",2001
30,30,0,0,296339,153777,142562,2094,1160,934,3219,1527,1692,97,45,52,291026,151090,139936,1110,613,497,"Solapur, Maharashtra, India",2001
30,30,0,1,328307,174362,153945,15557,8786,6771,21377,10265,11112,1521,839,682,291373,155311,136062,2849,1636,1213,"Solapur, Maharashtra, India",2001
30,30,0,2,238401,141275,97126,76124,51177,24947,32064,15942,16122,8084,5754,2330,130213,74156,56057,15441,11165,4276,"Solapur, Maharashtra, India",2001
30,30,0,3,207077,109969,97108,125754,78573,47181,28845,10758,18087,9146,6327,2819,52478,20638,31840,12059,8717,3342,"Solapur, Maharashtra, India",2001
30,30,0,4,194487,95334,99153,140903,84624,56279,24377,6072,18305,6320,3537,2783,29207,4638,24569,4474,2421,2053,"Solapur, Maharashtra, India",2001
30,30,0,5,185058,90158,94900,144352,84590,59762,20866,4130,16736,4377,2044,2333,19840,1438,18402,1661,567,1094,"Solapur, Maharashtra, India",2001
30,30,0,6,181348,89075,92273,144272,84373,59899,19571,3588,15983,3605,1571,2034,17505,1114,16391,1156,299,857,"Solapur, Maharashtra, India",2001
30,30,0,7,268489,141234,127255,214771,134155,80616,27545,4967,22578,4355,1772,2583,26173,2112,24061,1201,329,872,"Solapur, Maharashtra, India",2001
30,30,0,8,171948,88301,83647,126147,80599,45548,18767,3710,15057,1987,759,1228,27034,3992,23042,740,179,561,"Solapur, Maharashtra, India",2001
30,30,0,9,166305,76511,89794,84622,54281,30341,19861,5643,14218,1288,503,785,61822,16587,45235,968,282,686,"Solapur, Maharashtra, India",2001
30,30,0,10,75796,39772,36024,22472,17383,5089,6717,3361,3356,313,183,130,46607,19028,27579,440,173,267,"Solapur, Maharashtra, India",2001
30,30,0,11,28840,14029,14811,5370,3866,1504,1590,784,806,79,42,37,21880,9379,12501,97,40,57,"Solapur, Maharashtra, India",2001
30,30,1,0,133417,68914,64503,649,383,266,152,67,85,14,10,4,132616,68464,64152,982,549,433,"Solapur, Maharashtra, India",2001
30,30,1,1,149751,77788,71963,5038,2879,2159,1176,633,543,213,153,60,143537,74276,69261,2695,1617,1078,"Solapur, Maharashtra, India",2001
30,30,1,2,130251,69921,60330,24201,16907,7294,3552,2327,1225,1277,1032,245,102498,50687,51811,14245,9692,4553,"Solapur, Maharashtra, India",2001
30,30,1,3,112095,57614,54481,41948,31584,10364,4299,2679,1620,1840,1521,319,65848,23351,42497,14825,9843,4982,"Solapur, Maharashtra, India",2001
30,30,1,4,99688,47896,51792,52219,39086,13133,4229,2128,2101,1594,1216,378,43240,6682,36558,7239,3830,3409,"Solapur, Maharashtra, India",2001
30,30,1,5,89637,44312,45325,53833,40219,13614,3928,1716,2212,1363,924,439,31876,2377,29499,2917,1256,1661,"Solapur, Maharashtra, India",2001
30,30,1,6,87923,42450,45473,54132,39250,14882,3996,1584,2412,1320,851,469,29795,1616,28179,2037,714,1323,"Solapur, Maharashtra, India",2001
30,30,1,7,130888,70104,60784,84121,64226,19895,5350,2410,2940,1597,1119,478,41417,3468,37949,2223,981,1242,"Solapur, Maharashtra, India",2001
30,30,1,8,78116,41286,36830,42957,33183,9774,2743,1234,1509,567,369,198,32416,6869,25547,1013,572,441,"Solapur, Maharashtra, India",2001
30,30,1,9,59966,27231,32735,16838,12173,4665,1897,846,1051,303,167,136,41231,14212,27019,684,339,345,"Solapur, Maharashtra, India",2001
30,30,1,10,27202,13381,13821,4791,3831,960,617,357,260,86,54,32,21794,9193,12601,205,124,81,"Solapur, Maharashtra, India",2001
30,30,1,11,10118,4607,5511,1285,986,299,152,82,70,19,10,9,8681,3539,5142,69,30,39,"Solapur, Maharashtra, India",2001
31,28,0,0,236728,123027,113701,695,403,292,2926,1442,1484,42,23,19,233107,121182,111925,651,347,304,"Satara, Maharashtra, India",2001
31,28,0,1,274537,142085,132452,5771,2961,2810,14113,6753,7360,582,312,270,254653,132371,122282,1950,1159,791,"Satara, Maharashtra, India",2001
31,28,0,2,226844,123467,103377,43416,28365,15051,30489,14062,16427,7949,5814,2135,152939,81040,71899,18961,13674,5287,"Satara, Maharashtra, India",2001
31,28,0,3,198594,99876,98718,95112,61667,33445,34820,13230,21590,11733,8881,2852,68662,24979,43683,17012,11669,5343,"Satara, Maharashtra, India",2001
31,28,0,4,183481,86967,96514,116994,73664,43330,29796,7883,21913,7585,5009,2576,36691,5420,31271,5997,3256,2741,"Satara, Maharashtra, India",2001
31,28,0,5,166196,79039,87157,118538,72364,46174,23905,4986,18919,4502,2662,1840,23753,1689,22064,1884,754,1130,"Satara, Maharashtra, India",2001
31,28,0,6,166228,75838,90390,121839,70623,51216,23415,4051,19364,3484,1786,1698,20974,1164,19810,1218,357,861,"Satara, Maharashtra, India",2001
31,28,0,7,262844,128569,134275,196316,120246,76070,33880,5873,28007,3459,1728,1731,32648,2450,30198,1263,378,885,"Satara, Maharashtra, India",2001
31,28,0,8,180193,88406,91787,123252,79056,44196,23551,4280,19271,1351,630,721,33390,5070,28320,585,191,394,"Satara, Maharashtra, India",2001
31,28,0,9,176161,77923,98238,81277,53455,27822,22245,5794,16451,801,339,462,72639,18674,53965,795,200,595,"Satara, Maharashtra, India",2001
31,28,0,10,79575,40097,39478,21351,17225,4126,6204,2944,3260,133,77,56,52020,19928,32092,278,103,175,"Satara, Maharashtra, India",2001
31,28,0,11,28190,13067,15123,3636,2817,819,1110,554,556,41,25,16,23444,9696,13748,77,32,45,"Satara, Maharashtra, India",2001
31,28,1,0,37313,19822,17491,77,59,18,21,14,7,3,2,1,37215,19749,17466,139,71,68,"Satara, Maharashtra, India",2001
31,28,1,1,46264,25022,21242,426,318,108,244,122,122,57,34,23,45594,24582,21012,425,255,170,"Satara, Maharashtra, India",2001
31,28,1,2,40906,22638,18268,4097,3566,531,990,701,289,349,283,66,35819,18371,17448,3543,2332,1211,"Satara, Maharashtra, India",2001
31,28,1,3,37704,19250,18454,11176,9478,1698,1815,1194,621,826,682,144,24713,8578,16135,5415,3275,2140,"Satara, Maharashtra, India",2001
31,28,1,4,34979,17118,17861,16605,13810,2795,1803,970,833,715,529,186,16571,2338,14233,2661,1264,1397,"Satara, Maharashtra, India",2001
31,28,1,5,31444,15886,15558,17687,14411,3276,1646,774,872,581,393,188,12111,701,11410,1053,365,688,"Satara, Maharashtra, India",2001
31,28,1,6,29850,14583,15267,17206,13481,3725,1517,635,882,468,291,177,11127,467,10660,712,216,496,"Satara, Maharashtra, India",2001
31,28,1,7,45288,23796,21492,27519,21994,5525,2032,864,1168,474,328,146,15737,938,14799,599,182,417,"Satara, Maharashtra, India",2001
31,28,1,8,27896,14659,13237,14713,12016,2697,1046,467,579,162,107,55,12137,2176,9961,196,97,99,"Satara, Maharashtra, India",2001
31,28,1,9,20562,9640,10922,5174,4017,1157,722,344,378,70,44,26,14666,5279,9387,163,73,90,"Satara, Maharashtra, India",2001
31,28,1,10,9461,4662,4799,1457,1235,222,218,112,106,26,15,11,7786,3315,4471,41,16,25,"Satara, Maharashtra, India",2001
31,28,1,11,3327,1576,1751,296,247,49,60,37,23,9,4,5,2971,1292,1679,9,3,6,"Satara, Maharashtra, India",2001
32,26,0,0,152799,77678,75121,507,254,253,1147,526,621,18,6,12,151145,76898,74247,340,173,167,"Ratnagiri, Maharashtra, India",2001
32,26,0,1,170285,86837,83448,3326,1294,2032,9698,4096,5602,543,254,289,157261,81447,75814,1092,608,484,"Ratnagiri, Maharashtra, India",2001
32,26,0,2,145732,68402,77330,32537,13959,18578,28790,10606,18184,7631,4141,3490,84405,43837,40568,10011,6204,3807,"Ratnagiri, Maharashtra, India",2001
32,26,0,3,112922,48898,64024,52169,28515,23654,24735,9077,15658,8359,5811,2548,36018,11306,24712,9017,5686,3331,"Ratnagiri, Maharashtra, India",2001
32,26,0,4,108622,46313,62309,62371,36487,25884,21209,6585,14624,5670,3967,1703,25042,3241,21801,3994,1959,2035,"Ratnagiri, Maharashtra, India",2001
32,26,0,5,98835,43603,55232,63402,36921,26481,18080,5119,12961,3726,2465,1261,17353,1563,15790,1683,774,909,"Ratnagiri, Maharashtra, India",2001
32,26,0,6,100657,43398,57259,66843,37282,29561,18583,4913,13670,3143,2046,1097,15231,1203,14028,1118,450,668,"Ratnagiri, Maharashtra, India",2001
32,26,0,7,157578,71112,86466,103719,60431,43288,28565,7920,20645,3091,2069,1022,25294,2761,22533,1190,570,620,"Ratnagiri, Maharashtra, India",2001
32,26,0,8,120663,52363,68300,65629,40053,25576,22689,6430,16259,972,631,341,32345,5880,26465,468,250,218,"Ratnagiri, Maharashtra, India",2001
32,26,0,9,116610,49220,67390,37739,25694,12045,19582,7163,12419,339,205,134,59289,16363,42926,299,152,147,"Ratnagiri, Maharashtra, India",2001
32,26,0,10,52331,23383,28948,8953,7164,1789,5505,2970,2535,71,49,22,37873,13249,24624,109,42,67,"Ratnagiri, Maharashtra, India",2001
32,26,0,11,17599,7522,10077,1483,1146,337,870,487,383,17,13,4,15246,5889,9357,27,9,18,"Ratnagiri, Maharashtra, India",2001
32,26,1,0,17571,9170,8401,35,24,11,17,8,9,2,1,1,17519,9138,8381,79,46,33,"Ratnagiri, Maharashtra, India",2001
32,26,1,1,19696,10211,9485,306,165,141,128,52,76,14,5,9,19262,9994,9268,206,105,101,"Ratnagiri, Maharashtra, India",2001
32,26,1,2,19453,10355,9098,2847,2297,550,711,384,327,248,156,92,15895,7674,8221,1575,968,607,"Ratnagiri, Maharashtra, India",2001
32,26,1,3,19069,10152,8917,7019,5957,1062,1049,667,382,539,409,130,11001,3528,7473,2581,1524,1057,"Ratnagiri, Maharashtra, India",2001
32,26,1,4,18431,9135,9296,9082,7666,1416,941,502,439,420,304,116,8408,967,7441,1251,555,696,"Ratnagiri, Maharashtra, India",2001
32,26,1,5,16537,8532,8005,9459,7848,1611,746,294,452,245,169,76,6332,390,5942,537,204,333,"Ratnagiri, Maharashtra, India",2001
32,26,1,6,15119,7704,7415,8747,7094,1653,755,300,455,228,162,66,5617,310,5307,296,127,169,"Ratnagiri, Maharashtra, India",2001
32,26,1,7,21756,11520,10236,12906,10453,2453,990,405,585,231,167,64,7860,662,7198,292,153,139,"Ratnagiri, Maharashtra, India",2001
32,26,1,8,13271,6741,6530,6300,5205,1095,509,234,275,63,39,24,6462,1302,5160,127,74,53,"Ratnagiri, Maharashtra, India",2001
32,26,1,9,8938,4118,4820,1604,1364,240,303,162,141,19,14,5,7031,2592,4439,41,19,22,"Ratnagiri, Maharashtra, India",2001
32,26,1,10,4157,1882,2275,370,326,44,107,68,39,3,3,0,3680,1488,2192,22,8,14,"Ratnagiri, Maharashtra, India",2001
32,26,1,11,1352,541,811,95,87,8,20,11,9,1,1,0,1237,443,794,13,5,8,"Ratnagiri, Maharashtra, India",2001
33,29,0,0,71226,36035,35191,207,108,99,457,204,253,16,7,9,70562,35723,34839,225,108,117,"Sindhudurg, Maharashtra, India",2001
33,29,0,1,79848,40781,39067,819,400,419,3718,1661,2057,303,148,155,75311,38720,36591,729,366,363,"Sindhudurg, Maharashtra, India",2001
33,29,0,2,74559,36950,37609,9833,5486,4347,17995,7704,10291,8024,3976,4048,46731,23760,22971,10638,5665,4973,"Sindhudurg, Maharashtra, India",2001
33,29,0,3,62635,29150,33485,20521,12944,7577,22066,9437,12629,11251,6893,4358,20048,6769,13279,8656,4305,4351,"Sindhudurg, Maharashtra, India",2001
33,29,0,4,60638,27501,33137,26706,17607,9099,19931,7609,12322,7978,5129,2849,14001,2285,11716,3979,1562,2417,"Sindhudurg, Maharashtra, India",2001
33,29,0,5,54651,26086,28565,28134,19083,9051,16906,6045,10861,4659,3125,1534,9611,958,8653,1378,499,879,"Sindhudurg, Maharashtra, India",2001
33,29,0,6,54341,25611,28730,29058,19349,9709,16586,5537,11049,3898,2447,1451,8697,725,7972,848,266,582,"Sindhudurg, Maharashtra, India",2001
33,29,0,7,87802,42971,44831,46865,32178,14687,26729,9189,17540,4256,2860,1396,14208,1604,12604,867,309,558,"Sindhudurg, Maharashtra, India",2001
33,29,0,8,67390,30492,36898,28713,20163,8550,20208,6946,13262,1381,903,478,18469,3383,15086,416,163,253,"Sindhudurg, Maharashtra, India",2001
33,29,0,9,66654,28288,38366,15281,11319,3962,15895,6760,9135,533,302,231,35478,10209,25269,368,91,277,"Sindhudurg, Maharashtra, India",2001
33,29,0,10,30097,13433,16664,3602,2990,612,4156,2271,1885,99,68,31,22339,8172,14167,121,37,84,"Sindhudurg, Maharashtra, India",2001
33,29,0,11,9569,4152,5417,642,523,119,717,398,319,49,37,12,8210,3231,4979,29,13,16,"Sindhudurg, Maharashtra, India",2001
33,29,1,0,6775,3507,3268,10,7,3,9,5,4,1,1,0,6756,3495,3261,41,17,24,"Sindhudurg, Maharashtra, India",2001
33,29,1,1,7889,4147,3742,67,48,19,83,50,33,6,3,3,7739,4049,3690,132,55,77,"Sindhudurg, Maharashtra, India",2001
33,29,1,2,7675,3969,3706,750,591,159,484,299,185,258,167,91,6441,3079,3362,1405,617,788,"Sindhudurg, Maharashtra, India",2001
33,29,1,3,7590,3833,3757,2084,1702,382,949,566,383,570,393,177,4557,1565,2992,2013,934,1079,"Sindhudurg, Maharashtra, India",2001
33,29,1,4,7465,3541,3924,3092,2562,530,881,524,357,503,376,127,3492,455,3037,1031,336,695,"Sindhudurg, Maharashtra, India",2001
33,29,1,5,7207,3709,3498,3725,3134,591,756,386,370,321,245,76,2726,189,2537,428,112,316,"Sindhudurg, Maharashtra, India",2001
33,29,1,6,6748,3437,3311,3644,2991,653,692,309,383,219,166,53,2412,137,2275,227,63,164,"Sindhudurg, Maharashtra, India",2001
33,29,1,7,10260,5459,4801,5810,4742,1068,945,434,511,197,145,52,3505,283,3222,268,76,192,"Sindhudurg, Maharashtra, India",2001
33,29,1,8,6581,3327,3254,2992,2505,487,556,272,284,78,57,21,3033,550,2483,131,43,88,"Sindhudurg, Maharashtra, India",2001
33,29,1,9,4798,2134,2664,883,744,139,298,176,122,16,13,3,3617,1214,2403,50,32,18,"Sindhudurg, Maharashtra, India",2001
33,29,1,10,2167,914,1253,217,193,24,75,54,21,1,1,0,1875,667,1208,24,10,14,"Sindhudurg, Maharashtra, India",2001
33,29,1,11,709,303,406,56,47,9,14,8,6,2,1,1,639,248,391,5,2,3,"Sindhudurg, Maharashtra, India",2001
34,14,0,0,247885,131173,116712,984,557,427,2599,1281,1318,41,16,25,244302,129335,114967,836,453,383,"Kolhapur, Maharashtra, India",2001
34,14,0,1,267509,140447,127062,7074,3736,3338,19230,9493,9737,840,486,354,241205,127218,113987,1931,1096,835,"Kolhapur, Maharashtra, India",2001
34,14,0,2,226426,127338,99088,50896,33704,17192,37353,18954,18399,8476,6272,2204,138177,74680,63497,14477,10369,4108,"Kolhapur, Maharashtra, India",2001
34,14,0,3,205273,105336,99937,113334,70871,42463,32911,12516,20395,10174,7893,2281,59028,21949,37079,11450,8176,3274,"Kolhapur, Maharashtra, India",2001
34,14,0,4,199167,96764,102403,140313,86371,53942,26494,6028,20466,5680,3762,1918,32360,4365,27995,4019,2251,1768,"Kolhapur, Maharashtra, India",2001
34,14,0,5,187960,91195,96765,145298,86690,58608,21544,3341,18203,3094,1632,1462,21118,1164,19954,1137,397,740,"Kolhapur, Maharashtra, India",2001
34,14,0,6,183580,88139,95441,144866,84470,60396,20185,2712,17473,2424,1177,1247,18529,957,17572,719,196,523,"Kolhapur, Maharashtra, India",2001
34,14,0,7,287430,146538,140892,228762,140286,88476,29755,4224,25531,2540,1192,1348,28913,2028,26885,646,191,455,"Kolhapur, Maharashtra, India",2001
34,14,0,8,187496,94614,92882,134784,87054,47730,21146,3323,17823,1074,455,619,31566,4237,27329,443,122,321,"Kolhapur, Maharashtra, India",2001
34,14,0,9,160939,72245,88694,76647,51839,24808,19036,5203,13833,603,223,380,65256,15203,50053,572,163,409,"Kolhapur, Maharashtra, India",2001
34,14,0,10,68935,32426,36509,18408,14666,3742,5360,2558,2802,127,68,59,45167,15202,29965,265,99,166,"Kolhapur, Maharashtra, India",2001
34,14,0,11,24119,10602,13517,3999,2935,1064,1077,498,579,34,21,13,19043,7169,11874,77,36,41,"Kolhapur, Maharashtra, India",2001
34,14,1,0,99029,53470,45559,292,182,110,107,58,49,5,3,2,98630,53230,45400,364,199,165,"Kolhapur, Maharashtra, India",2001
34,14,1,1,113062,60159,52903,1607,1220,387,513,311,202,71,56,15,110942,58628,52314,967,636,331,"Kolhapur, Maharashtra, India",2001
34,14,1,2,104860,57723,47137,14147,12767,1380,2084,1490,594,671,589,82,88629,43466,45163,6667,4589,2078,"Kolhapur, Maharashtra, India",2001
34,14,1,3,103392,53562,49830,35469,31717,3752,3171,2034,1137,1307,1100,207,64752,19811,44941,9402,6216,3186,"Kolhapur, Maharashtra, India",2001
34,14,1,4,97349,48316,49033,48422,41994,6428,3016,1502,1514,991,764,227,45911,4820,41091,4420,2305,2115,"Kolhapur, Maharashtra, India",2001
34,14,1,5,87523,44585,42938,50138,42161,7977,2760,1070,1690,741,484,257,34625,1354,33271,1541,574,967,"Kolhapur, Maharashtra, India",2001
34,14,1,6,82884,41250,41634,48132,39424,8708,2642,892,1750,617,390,227,32110,934,31176,962,292,670,"Kolhapur, Maharashtra, India",2001
34,14,1,7,123377,65328,58049,73869,61860,12009,3386,1295,2091,617,369,248,46122,2173,43949,882,277,605,"Kolhapur, Maharashtra, India",2001
34,14,1,8,74977,39757,35220,39164,33356,5808,1827,759,1068,197,129,68,33986,5642,28344,388,207,181,"Kolhapur, Maharashtra, India",2001
34,14,1,9,49010,23029,25981,12712,10409,2303,1202,548,654,94,50,44,35096,12072,23024,269,90,179,"Kolhapur, Maharashtra, India",2001
34,14,1,10,20227,9296,10931,2989,2546,443,335,201,134,19,17,2,16903,6549,10354,88,32,56,"Kolhapur, Maharashtra, India",2001
34,14,1,11,7599,3232,4367,819,686,133,80,43,37,4,4,0,6700,2503,4197,27,14,13,"Kolhapur, Maharashtra, India",2001
35,27,0,0,196073,103578,92495,1095,677,418,5378,2706,2672,43,20,23,189600,100195,89405,820,460,360,"Sangli, Maharashtra, India",2001
35,27,0,1,225039,118481,106558,6209,3797,2412,22421,11491,10930,622,378,244,196409,103193,93216,1596,912,684,"Sangli, Maharashtra, India",2001
35,27,0,2,170832,97431,73401,37606,27069,10537,29660,14543,15117,5238,3817,1421,103566,55819,47747,10058,7205,2853,"Sangli, Maharashtra, India",2001
35,27,0,3,157531,80618,76913,79520,54380,25140,30838,9795,21043,7444,5449,1995,47173,16443,30730,9497,6275,3222,"Sangli, Maharashtra, India",2001
35,27,0,4,150038,70999,79039,95611,62522,33089,27188,5187,22001,4737,2950,1787,27239,3290,23949,3589,1650,1939,"Sangli, Maharashtra, India",2001
35,27,0,5,138574,66410,72164,97077,62163,34914,22407,3165,19242,2574,1356,1218,19090,1082,18008,1079,346,733,"Sangli, Maharashtra, India",2001
35,27,0,6,137982,65307,72675,98825,61739,37086,22104,2679,19425,2058,931,1127,17053,889,16164,714,194,520,"Sangli, Maharashtra, India",2001
35,27,0,7,215408,109361,106047,156888,103413,53475,32548,4177,28371,2214,1028,1186,25972,1771,24201,809,171,638,"Sangli, Maharashtra, India",2001
35,27,0,8,146890,73649,73241,99264,67487,31777,22384,3128,19256,955,383,572,25242,3034,22208,358,79,279,"Sangli, Maharashtra, India",2001
35,27,0,9,135278,62149,73129,65435,45936,19499,20127,4835,15292,533,210,323,49716,11378,38338,578,114,464,"Sangli, Maharashtra, India",2001
35,27,0,10,64646,32815,31831,18981,15591,3390,6370,2909,3461,142,71,71,39295,14315,24980,270,84,186,"Sangli, Maharashtra, India",2001
35,27,0,11,25698,12210,13488,3754,2988,766,1287,650,637,28,9,19,20657,8572,12085,66,23,43,"Sangli, Maharashtra, India",2001
35,27,1,0,60577,32360,28217,145,99,46,78,45,33,6,4,2,60354,32216,28138,245,145,100,"Sangli, Maharashtra, India",2001
35,27,1,1,69561,36702,32859,967,736,231,516,322,194,78,63,15,68078,35644,32434,615,369,246,"Sangli, Maharashtra, India",2001
35,27,1,2,63661,34727,28934,7988,7027,961,2070,1411,659,685,565,120,53603,26289,27314,4834,3251,1583,"Sangli, Maharashtra, India",2001
35,27,1,3,61630,31278,30352,19980,17124,2856,3317,1951,1366,1317,1070,247,38333,12203,26130,6568,3921,2647,"Sangli, Maharashtra, India",2001
35,27,1,4,55825,26775,29050,27035,22494,4541,3375,1509,1866,1118,802,316,25415,2772,22643,3169,1396,1773,"Sangli, Maharashtra, India",2001
35,27,1,5,49984,24986,24998,28522,23027,5495,3045,1134,1911,875,603,272,18417,825,17592,1204,383,821,"Sangli, Maharashtra, India",2001
35,27,1,6,48136,23332,24804,27768,21701,6067,3041,1038,2003,803,512,291,17327,593,16734,823,205,618,"Sangli, Maharashtra, India",2001
35,27,1,7,71843,37844,33999,43451,35160,8291,3975,1441,2534,879,547,332,24417,1243,23174,849,233,616,"Sangli, Maharashtra, India",2001
35,27,1,8,44621,23599,21022,23813,19620,4193,2255,901,1354,392,254,138,18553,3078,15475,418,112,306,"Sangli, Maharashtra, India",2001
35,27,1,9,32375,14985,17390,8887,6968,1919,1474,575,899,136,59,77,22014,7442,14572,233,86,147,"Sangli, Maharashtra, India",2001
35,27,1,10,14299,7056,7243,2503,2131,372,358,191,167,29,16,13,11438,4734,6704,81,36,45,"Sangli, Maharashtra, India",2001
35,27,1,11,5482,2540,2942,554,471,83,90,46,44,11,5,6,4838,2023,2815,18,10,8,"Sangli, Maharashtra, India",2001
