District_Code,Area_Name,Total_Rural_Urban,Age_Group,Population_Persons,Population_Males,Population_Females,Main_Workers_Persons,Main_Workers_Males,Main_Workers_Females,Marginal_0_to_6_Persons,Marginal_0_to_6_Males,Marginal_0_to_6_Females,Non_Workers_Total_Persons,Non_Workers_Total_Males,Non_Workers_Total_Females,Non_Workers_Seeking_Persons,Non_Workers_Seeking_Males,Non_Workers_Seeking_Females
1,10,1,0,2006223,1042857,963366,25460,18810,6650,2220,1350,870,1978543,1022697,955846,19330,10200,9130
1,10,1,1,945925,523264,422661,175675,146364,29311,8930,6020,2910,761320,370880,390440,24940,15430,9510
1,10,1,2,1089173,614230,474943,490363,414360,76003,15740,11330,4410,583070,188540,394530,32780,20950,11830
1,10,1,3,1031851,567192,464659,587742,507172,80570,9780,6470,3310,434329,53550,380779,15040,8550,6490
1,10,1,4,863645,492355,371290,534545,464765,69780,7010,4130,2880,322090,23460,298630,7380,3320,4060
1,10,1,5,776200,438600,337600,485920,417430,68490,6290,3240,3050,283990,17930,266060,4760,2180,2580
1,10,1,6,1073802,632151,441651,681421,594001,87420,8100,4360,3740,384281,33790,350491,6230,2790,3440
1,10,1,7,637912,368556,269356,346126,307610,38516,4090,2590,1500,287696,58356,229340,3217,1467,1750
1,10,1,8,341210,183260,157950,82970,74260,8710,1750,1270,480,256490,107730,148760,2170,1030,1140
1,10,1,9,124100,62750,61350,15610,13710,1900,520,390,130,107970,48650,59320,860,420,440
1,10,1,10,49830,22610,27220,4860,4270,590,100,60,40,44870,18280,26590,480,220,260
2,27,0,0,450822,233123,217699,25640,12730,12910,8990,2220,6770,416192,218173,198019,3890,2160,1730
2,27,0,1,165232,85402,79830,76620,43040,33580,13090,2460,10630,75522,39902,35620,1860,1200,660
2,27,0,2,164713,80152,84561,112422,67052,45370,16020,1680,14340,36271,11420,24851,1350,870,480
2,27,0,3,165238,80873,84365,126848,77743,49105,14870,850,14020,23520,2280,21240,380,190,190
2,27,0,4,140197,71477,68720,110727,69737,40990,12250,530,11720,17220,1210,16010,180,90,90
2,27,0,5,127284,68900,58384,102594,67470,35124,10310,430,9880,14380,1000,13380,80,0,80
2,27,0,6,181021,96050,84971,143581,93100,50481,15690,730,14960,21750,2220,19530,170,70,100
2,27,0,7,114035,60025,54010,78965,54625,24340,9570,800,8770,25500,4600,20900,230,50,180
2,27,0,8,69247,33717,35530,29560,21590,7970,4667,847,3820,35020,11280,23740,290,80,210
2,27,0,9,22760,10930,11830,4830,3990,840,740,280,460,17190,6660,10530,240,130,110
2,27,0,10,9600,4410,5190,1450,1090,360,220,60,160,7930,3260,4670,50,40,10
2,27,1,0,739287,386215,353072,11890,9480,2410,800,420,380,726597,376315,350282,10315,5535,4780
2,27,1,1,298876,164042,134834,62374,53794,8580,2845,1628,1217,233657,108620,125037,5350,3190,2160
2,27,1,2,360461,193140,167321,163933,142222,21711,4855,2310,2545,191673,48608,143065,5760,3140,2620
2,27,1,3,370014,191982,178032,206941,178016,28925,3936,1480,2456,159137,12486,146651,3300,1120,2180
2,27,1,4,322694,182088,140606,202044,175398,26646,3020,970,2050,117630,5720,111910,1660,390,1270
2,27,1,5,270417,157998,112419,175517,153088,22429,2560,700,1860,92340,4210,88130,1210,350,860
2,27,1,6,319542,194103,125439,209532,184993,24539,2810,1050,1760,107200,8060,99140,1330,400,930
2,27,1,7,165244,93505,71739,87276,77850,9426,1480,770,710,76488,14885,61603,810,300,510
2,27,1,8,89760,45800,43960,20040,17970,2070,740,330,410,68980,27500,41480,850,330,520
2,27,1,9,31932,15812,16120,3430,3150,280,112,42,70,28390,12620,15770,410,200,210
2,27,1,10,14690,6850,7840,1850,1610,240,60,40,20,12780,5200,7580,230,110,120
3,21,0,0,362456,186013,176443,12916,6510,6406,5592,1752,3840,343948,177751,166197,940,540,400
3,21,0,1,148593,72223,76370,50310,25280,25030,11080,2200,8880,87203,44743,42460,3320,2370,950
3,21,0,2,130243,60000,70243,81303,46140,35163,11220,1710,9510,37720,12150,25570,2760,2130,630
3,21,0,3,117210,53100,64110,84470,50030,34440,9630,760,8870,23110,2310,20800,920,700,220
3,21,0,4,103417,49904,53513,78874,47854,31020,8043,710,7333,16500,1340,15160,400,230,170
3,21,0,5,93274,46150,47124,74060,44600,29460,6770,520,6250,12444,1030,11414,320,180,140
3,21,0,6,147652,71657,75995,118467,69167,49300,10990,770,10220,18195,1720,16475,220,120,100
3,21,0,7,106790,53580,53210,76680,49710,26970,8400,900,7500,21710,2970,18740,140,90,50
3,21,0,8,66958,32588,34370,30158,22548,7610,4300,860,3440,32500,9180,23320,130,60,70
3,21,0,9,25463,11743,13720,5510,4450,1060,980,370,610,18973,6923,12050,80,40,40
3,21,0,10,10600,4800,5800,1520,1120,400,320,120,200,8760,3560,5200,20,10,10
3,21,1,0,73197,39402,33795,1090,760,330,94,64,30,72013,38578,33435,130,70,60
3,21,1,1,32433,17548,14885,5633,4508,1125,410,210,200,26390,12830,13560,810,480,330
3,21,1,2,35514,18178,17336,14447,12387,2060,520,210,310,20547,5581,14966,1270,950,320
3,21,1,3,32305,16220,16085,17209,14860,2349,556,160,396,14540,1200,13340,420,310,110
3,21,1,4,28254,15464,12790,17244,14794,2450,320,30,290,10690,640,10050,180,110,70
3,21,1,5,24870,13530,11340,15705,13200,2505,360,50,310,8805,280,8525,90,50,40
3,21,1,6,31960,17710,14250,20490,16960,3530,490,70,420,10980,680,10300,110,40,70
3,21,1,7,17700,9110,8590,9630,8120,1510,200,80,120,7870,910,6960,70,40,30
3,21,1,8,10917,4847,6070,2937,2507,430,100,40,60,7880,2300,5580,70,40,30
3,21,1,9,4480,1650,2830,760,640,120,0,0,0,3720,1010,2710,10,0,10
3,21,1,10,1550,560,990,250,190,60,10,0,10,1290,370,920,0,0,0
4,22,0,0,327995,165285,162710,8820,3480,5340,6270,1660,4610,312905,160145,152760,850,480,370
4,22,0,1,147053,64822,82231,49631,19450,30181,17352,2942,14410,80070,42430,37640,3870,2830,1040
4,22,0,2,110212,43848,66364,65408,32368,33040,13804,1570,12234,31000,9910,21090,3450,2840,610
4,22,0,3,96820,36712,60108,65812,33332,32480,11780,930,10850,19228,2450,16778,1060,870,190
4,22,0,4,81997,32770,49227,57910,30530,27380,10450,830,9620,13637,1410,12227,410,350,60
4,22,0,5,84197,33090,51107,61157,31180,29977,10550,720,9830,12490,1190,11300,200,170,30
4,22,0,6,142608,58796,83812,104358,55196,49162,17770,1150,16620,20480,2450,18030,440,390,50
4,22,0,7,120360,53150,67210,76240,46600,29640,16150,1410,14740,27970,5140,22830,260,150,110
4,22,0,8,89059,40609,48450,36580,27090,9490,10340,1730,8610,42139,11789,30350,240,170,70
4,22,0,9,37320,16400,20920,7960,6460,1500,2630,890,1740,26730,9050,17680,150,60,90
4,22,0,10,13890,6080,7810,1600,1130,470,620,150,470,11670,4800,6870,80,50,30
4,22,1,0,28842,14494,14348,420,260,160,10,0,10,28412,14234,14178,210,100,110
4,22,1,1,15040,7920,7120,1990,1450,540,170,110,60,12880,6360,6520,700,470,230
4,22,1,2,14291,7540,6751,5561,4450,1111,310,140,170,8420,2950,5470,1070,780,290
4,22,1,3,12943,6476,6467,6520,5550,970,187,90,97,6236,836,5400,390,280,110
4,22,1,4,10702,5545,5157,6202,5025,1177,160,50,110,4340,470,3870,200,150,50
4,22,1,5,9653,4900,4753,5750,4600,1150,130,40,90,3773,260,3513,140,110,30
4,22,1,6,13620,6960,6660,7610,6200,1410,180,70,110,5830,690,5140,70,70,0
4,22,1,7,9761,4672,5089,4277,3638,639,100,30,70,5384,1004,4380,40,30,10
4,22,1,8,6224,2651,3573,1150,970,180,21,1,20,5053,1680,3373,10,10,0
4,22,1,9,2850,1190,1660,310,290,20,20,10,10,2520,890,1630,10,10,0
4,22,1,10,1150,480,670,80,70,10,0,0,0,1070,410,660,10,0,10
5,25,0,0,157510,80547,76963,2570,980,1590,2670,980,1690,152270,78587,73683,900,440,460
5,25,0,1,84900,38830,46070,27150,11100,16050,11090,3170,7920,46660,24560,22100,2160,1340,820
5,25,0,2,65070,28590,36480,38721,20231,18490,10309,1919,8390,16040,6440,9600,1620,970,650
5,25,0,3,54323,24372,29951,37779,21482,16297,7710,950,6760,8834,1940,6894,614,450,164
5,25,0,4,42622,19642,22980,31310,18490,12820,5800,500,5300,5512,652,4860,272,212,60
5,25,0,5,46181,19800,26381,34321,18840,15481,6200,500,5700,5660,460,5200,70,60,10
5,25,0,6,81988,36242,45746,59622,34282,25340,11700,830,10870,10666,1130,9536,150,100,50
5,25,0,7,71211,31950,39261,43580,27830,15750,11051,1060,9991,16580,3060,13520,70,40,30
5,25,0,8,58577,25260,33317,20527,14720,5807,6600,1600,5000,31450,8940,22510,100,40,60
5,25,0,9,24010,10560,13450,3980,3180,800,1580,640,940,18450,6740,11710,50,20,30
5,25,0,10,8130,3670,4460,550,490,60,210,90,120,7370,3090,4280,20,0,20
5,25,1,0,12137,6037,6100,60,40,20,20,20,0,12057,5977,6080,90,30,60
5,25,1,1,6676,3396,3280,642,422,220,120,70,50,5914,2904,3010,390,180,210
5,25,1,2,6270,3170,3100,1930,1560,370,330,160,170,4010,1450,2560,420,230,190
5,25,1,3,5948,3076,2872,2970,2461,509,318,155,163,2660,460,2200,170,100,70
5,25,1,4,4901,2500,2401,2760,2240,520,250,100,150,1891,160,1731,80,40,40
5,25,1,5,4622,2322,2300,2582,2082,500,220,60,160,1820,180,1640,20,10,10
5,25,1,6,6840,3650,3190,4070,3320,750,260,70,190,2510,260,2250,70,30,40
5,25,1,7,5271,2510,2761,2501,1870,631,170,100,70,2600,540,2060,10,10,0
5,25,1,8,3075,1280,1795,566,430,136,90,30,60,2419,820,1599,29,0,29
5,25,1,9,1480,710,770,150,120,30,20,0,20,1310,590,720,10,10,0
5,25,1,10,470,150,320,30,20,10,0,0,0,440,130,310,10,0,10
6,17,0,0,654150,339173,314977,50810,23400,27410,11372,3717,7655,591968,312056,279912,4080,2200,1880
6,17,0,1,210748,118460,92288,113898,60530,53368,11570,3200,8370,85280,54730,30550,1200,920,280
6,17,0,2,197500,98677,98823,157675,83387,74288,9960,1380,8580,29865,13910,15955,940,830,110
6,17,0,3,191795,93605,98190,165695,90425,75270,9600,510,9090,16500,2670,13830,380,260,120
6,17,0,4,165330,81960,83370,146820,81050,65770,7860,200,7660,10650,710,9940,110,30,80
6,17,0,5,148871,77081,71790,133320,76410,56910,6220,130,6090,9331,541,8790,101,31,70
6,17,0,6,237508,119250,118258,210258,117740,92518,11780,220,11560,15470,1290,14180,60,20,40
6,17,0,7,167645,84292,83353,133212,80452,52760,10360,630,9730,24073,3210,20863,120,20,100
6,17,0,8,112290,56100,56190,59680,40050,19630,5960,930,5030,46650,15120,31530,200,40,160
6,17,0,9,41170,19920,21250,10090,7300,2790,1320,360,960,29760,12260,17500,230,130,100
6,17,0,10,14490,6610,7880,1740,1250,490,190,50,140,12560,5310,7250,70,60,10
6,17,1,0,344781,178690,166091,4910,3800,1110,488,208,280,339383,174682,164701,1600,910,690
6,17,1,1,133911,71101,62810,24400,20660,3740,1130,440,690,108381,50001,58380,1920,1240,680
6,17,1,2,135716,68471,67245,53330,45251,8079,1442,670,772,80944,22550,58394,2470,1660,810
6,17,1,3,122389,62189,60200,66003,56120,9883,1289,429,860,55097,5640,49457,1200,700,500
6,17,1,4,101851,55679,46172,63577,53835,9742,800,260,540,37474,1584,35890,434,94,340
6,17,1,5,89701,48146,41555,56459,47008,9451,918,138,780,32324,1000,31324,170,20,150
6,17,1,6,120517,66459,54058,77373,63929,13444,1354,230,1124,41790,2300,39490,240,40,200
6,17,1,7,71597,37248,34349,37935,31248,6687,630,80,550,33032,5920,27112,170,40,130
6,17,1,8,46525,23545,22980,12760,10470,2290,420,130,290,33345,12945,20400,110,70,40
6,17,1,9,17787,8867,8920,2517,2137,380,30,20,10,15240,6710,8530,50,30,20
6,17,1,10,7200,3460,3740,560,480,80,10,0,10,6630,2980,3650,60,40,20
7,8,0,0,521128,269266,251862,43770,23160,20610,13123,2850,10273,464235,243256,220979,6080,3400,2680
7,8,0,1,174870,93760,81110,81920,46010,35910,16350,1740,14610,76600,46010,30590,1470,970,500
7,8,0,2,164939,80679,84260,111769,64109,47660,19820,1110,18710,33350,15460,17890,740,570,170
7,8,0,3,157871,76791,81080,119910,73150,46760,19470,420,19050,18491,3221,15270,300,120,180
7,8,0,4,139417,68600,70817,109978,67260,42718,15910,250,15660,13529,1090,12439,190,30,160
7,8,0,5,123127,65927,57200,99367,64897,34470,12260,100,12160,11500,930,10570,190,50,140
7,8,0,6,187757,94450,93307,148437,92610,55827,20350,270,20080,18970,1570,17400,260,50,210
7,8,0,7,135463,68453,67010,97160,64320,32840,14339,559,13780,23964,3574,20390,224,24,200
7,8,0,8,88610,43680,44930,43510,31770,11740,6840,590,6250,38260,11320,26940,370,90,280
7,8,0,9,33050,15280,17770,8140,6380,1760,1250,240,1010,23660,8660,15000,340,140,200
7,8,0,10,10740,4910,5830,1680,1320,360,250,70,180,8810,3520,5290,80,20,60
7,8,1,0,134397,70185,64212,2050,1510,540,161,81,80,132186,68594,63592,1008,538,470
7,8,1,1,57389,31795,25594,8190,6870,1320,540,320,220,48659,24605,24054,460,270,190
7,8,1,2,50323,26554,23769,16940,14684,2256,500,190,310,32883,11680,21203,470,280,190
7,8,1,3,42219,20760,21459,20792,18090,2702,630,170,460,20797,2500,18297,330,160,170
7,8,1,4,35873,18841,17032,20976,18041,2935,317,20,297,14580,780,13800,110,40,70
7,8,1,5,32659,17770,14889,19873,17200,2673,320,50,270,12466,520,11946,70,20,50
7,8,1,6,45880,24200,21680,27710,23110,4600,540,80,460,17630,1010,16620,70,10,60
7,8,1,7,28612,15068,13544,15164,12918,2246,298,40,258,13150,2110,11040,80,0,80
7,8,1,8,19738,9308,10430,5168,4358,810,140,50,90,14430,4900,9530,80,30,50
7,8,1,9,7911,3681,4230,1210,1040,170,60,30,30,6641,2611,4030,20,10,10
7,8,1,10,2850,1200,1650,190,170,20,0,0,0,2660,1030,1630,10,0,10
8,11,0,0,598696,315761,282935,40940,20330,20610,7180,1380,5800,550576,294051,256525,1500,810,690
8,11,0,1,200870,115530,85340,93210,54570,38640,9460,1650,7810,98200,59310,38890,2200,1620,580
8,11,0,2,190028,97092,92936,133343,75957,57386,11130,1160,9970,45555,19975,25580,2185,1745,440
8,11,0,3,176428,84120,92308,140886,80240,60646,10492,500,9992,25050,3380,21670,860,730,130
8,11,0,4,155109,76468,78641,128449,75468,52981,8530,220,8310,18130,780,17350,140,100,40
8,11,0,5,140520,72060,68460,118880,71430,47450,7700,140,7560,13940,490,13450,190,70,120
8,11,0,6,215490,108820,106670,182580,107190,75390,11240,320,10920,21670,1310,20360,110,30,80
8,11,0,7,164134,81564,82570,125014,76754,48260,8950,350,8600,30170,4460,25710,80,30,50
8,11,0,8,122700,57820,64880,57050,38650,18400,5000,530,4470,60650,18640,42010,50,20,30
8,11,0,9,46450,22070,24380,9960,7800,2160,1120,350,770,35370,13920,21450,20,10,10
8,11,0,10,16260,7470,8790,1680,1210,470,130,20,110,14450,6240,8210,20,10,10
8,11,1,0,216783,112635,104148,3550,2580,970,500,120,380,212733,109935,102798,860,410,450
8,11,1,1,89538,49161,40377,15263,12311,2952,890,380,510,73385,36470,36915,2040,1320,720
8,11,1,2,83289,43889,39400,29397,25217,4180,998,388,610,52894,18284,34610,3050,2150,900
8,11,1,3,70181,33907,36274,34909,29650,5259,807,167,640,34465,4090,30375,1330,830,500
8,11,1,4,63214,32449,30765,37251,31308,5943,731,70,661,25232,1071,24161,490,290,200
8,11,1,5,56836,29783,27053,34312,29145,5167,704,78,626,21820,560,21260,190,20,170
8,11,1,6,82178,44377,37801,51142,43167,7975,950,80,870,30086,1130,28956,220,60,160
8,11,1,7,52888,27638,25250,28928,24368,4560,500,70,430,23460,3200,20260,110,20,90
8,11,1,8,36322,17829,18493,9583,7960,1623,260,60,200,26479,9809,16670,70,50,20
8,11,1,9,14120,6770,7350,2170,1950,220,50,20,30,11900,4800,7100,40,0,40
8,11,1,10,5200,2410,2790,390,360,30,0,0,0,4810,2050,2760,10,10,0
9,0,0,0,699120,360423,338697,34580,13920,20660,9260,1480,7780,655280,345023,310257,5420,2850,2570
9,0,0,1,242507,138777,103730,105380,58180,47200,13114,2034,11080,124013,78563,45450,1800,1310,490
9,0,0,2,234800,117890,116910,165730,91420,74310,15430,1360,14070,53640,25110,28530,1430,1100,330
9,0,0,3,218405,103548,114857,173791,98068,75723,14310,600,13710,30304,4880,25424,820,560,260
9,0,0,4,194776,96610,98166,163076,95030,68046,11670,310,11360,20030,1270,18760,220,110,110
9,0,0,5,177646,90737,86909,151457,89467,61990,9969,190,9779,16220,1080,15140,80,10,70
9,0,0,6,283239,142220,141019,238459,139570,98889,17940,430,17510,26840,2220,24620,110,20,90
9,0,0,7,198721,103571,95150,150451,97281,53170,13330,500,12830,34940,5790,29150,190,30,160
9,0,0,8,138010,68420,69590,65760,46780,18980,6950,960,5990,65300,20680,44620,320,140,180
9,0,0,9,54650,27220,27430,11450,9040,2410,1500,310,1190,41700,17870,23830,200,70,130
9,0,0,10,21250,10360,10890,1940,1540,400,230,70,160,19080,8750,10330,140,80,60
9,0,1,0,124880,64663,60217,1840,1040,800,80,50,30,122960,63573,59387,630,350,280
9,0,1,1,50710,28240,22470,9730,7570,2160,380,120,260,40600,20550,20050,500,370,130
9,0,1,2,53690,27550,26140,21710,17090,4620,570,210,360,31410,10250,21160,550,390,160
9,0,1,3,47597,23620,23977,26683,21750,4933,624,100,524,20290,1770,18520,150,70,80
9,0,1,4,40826,21029,19797,25881,20464,5417,437,87,350,14508,478,14030,90,30,60
9,0,1,5,36540,19250,17290,23530,18740,4790,380,50,330,12630,460,12170,50,10,40
9,0,1,6,51616,28761,22855,34964,27631,7333,462,80,382,16190,1050,15140,100,40,60
9,0,1,7,31205,15743,15462,16911,13402,3509,300,80,220,13994,2261,11733,30,10,20
9,0,1,8,21797,11377,10420,6358,5318,1040,287,127,160,15152,5932,9220,60,50,10
9,0,1,9,7860,4070,3790,1480,1230,250,40,30,10,6340,2810,3530,0,0,0
9,0,1,10,2980,1330,1650,270,220,50,20,0,20,2690,1110,1580,10,10,0
10,20,0,0,639849,326994,312855,23700,9400,14300,12997,3257,9740,603152,314337,288815,6370,3400,2970
10,20,0,1,230693,128383,102310,92303,52843,39460,19080,4780,14300,119310,70760,48550,2790,2040,750
10,20,0,2,233730,117680,116050,157010,94480,62530,22030,2720,19310,54690,20480,34210,2140,1600,540
10,20,0,3,216576,103316,113260,164800,98300,66500,18550,620,17930,33226,4396,28830,650,490,160
10,20,0,4,190606,95242,95364,153209,92652,60557,14920,340,14580,22477,2250,20227,350,220,130
10,20,0,5,174504,89040,85464,142940,87110,55830,13468,340,13128,18096,1590,16506,210,90,120
10,20,0,6,273249,135860,137389,221279,132110,89169,23240,660,22580,28730,3090,25640,230,70,160
10,20,0,7,198826,102616,96210,144816,95976,48840,18290,690,17600,35720,5950,29770,340,110,230
10,20,0,8,135730,68150,67580,63520,46860,16660,10400,1310,9090,61810,19980,41830,450,150,300
10,20,0,9,56910,28150,28760,11910,9670,2240,2790,770,2020,42210,17710,24500,360,120,240
10,20,0,10,24690,11910,12780,2540,1950,590,660,210,450,21490,9750,11740,220,120,100
10,20,1,0,608289,313448,294841,5620,3840,1780,600,340,260,602069,309268,292801,8000,4050,3950
10,20,1,1,267942,142812,125130,36212,30272,5940,2440,1490,950,229290,111050,118240,5720,3500,2220
10,20,1,2,298319,154352,143967,111669,93731,17938,4988,2940,2048,181662,57681,123981,6680,4260,2420
10,20,1,3,274465,140055,134410,148181,123591,24590,3654,1444,2210,122630,15020,107610,3190,1670,1520
10,20,1,4,230358,124093,106265,143428,117663,25765,2590,820,1770,84340,5610,78730,1430,560,870
10,20,1,5,207577,110410,97167,130870,105540,25330,2347,570,1777,74360,4300,70060,1100,290,810
10,20,1,6,280541,157341,123200,180642,149240,31402,2860,730,2130,97039,7371,89668,1150,440,710
10,20,1,7,162002,87202,74800,85450,71850,13600,1552,642,910,75000,14710,60290,800,180,620
10,20,1,8,106030,53600,52430,22430,18370,4060,1150,490,660,82450,34740,47710,780,370,410
10,20,1,9,41766,20866,20900,4720,3980,740,280,90,190,36766,16796,19970,400,230,170
10,20,1,10,17120,8390,8730,1550,1300,250,50,20,30,15520,7070,8450,130,70,60
11,24,0,0,495944,254520,241424,14000,6720,7280,9700,1740,7960,472244,246060,226184,1210,700,510
11,24,0,1,194080,105580,88500,54200,32830,21370,21490,3070,18420,118390,69680,48710,3790,3100,690
11,24,0,2,173469,80479,92990,92758,57608,35150,26150,1540,24610,54561,21331,33230,4901,4111,790
11,24,0,3,158281,68358,89923,104054,64028,40026,24405,530,23875,29822,3800,26022,1590,1270,320
11,24,0,4,136550,59410,77140,96810,57740,39070,19810,260,19550,19930,1410,18520,450,360,90
11,24,0,5,132250,59840,72410,96280,58810,37470,19120,270,18850,16850,760,16090,260,180,80
11,24,0,6,219784,103360,116424,161334,100810,60524,31050,400,30650,27400,2150,25250,160,90,70
11,24,0,7,169087,82867,86220,114320,78710,35610,24057,407,23650,30710,3750,26960,80,60,20
11,24,0,8,120657,58677,61980,55530,42970,12560,12540,930,11610,52587,14777,37810,170,120,50
11,24,0,9,53120,26060,27060,12740,10680,2060,2500,430,2070,37880,14950,22930,90,60,30
11,24,0,10,22990,10910,12080,2550,1840,710,600,100,500,19840,8970,10870,20,20,0
11,24,1,0,72249,38966,33283,640,500,140,120,40,80,71489,38426,33063,160,70,90
11,24,1,1,34341,19121,15220,4420,3770,650,360,110,250,29561,15241,14320,800,600,200
11,24,1,2,30948,15988,14960,10453,8793,1660,530,160,370,19965,7035,12930,1620,1090,530
11,24,1,3,26863,12643,14220,13393,10893,2500,410,80,330,13060,1670,11390,580,420,160
11,24,1,4,23260,11506,11754,13139,10817,2322,389,49,340,9732,640,9092,260,140,120
11,24,1,5,22388,11060,11328,13038,10630,2408,410,30,380,8940,400,8540,100,20,80
11,24,1,6,32651,17380,15271,20570,16570,4000,491,40,451,11590,770,10820,150,90,60
11,24,1,7,20146,10300,9846,10626,8930,1696,250,70,180,9270,1300,7970,80,10,70
11,24,1,8,13194,6250,6944,3690,3080,610,250,60,190,9254,3110,6144,0,0,0
11,24,1,9,6170,3140,3030,950,850,100,60,10,50,5160,2280,2880,10,10,0
11,24,1,10,2230,1200,1030,290,250,40,30,20,10,1910,930,980,0,0,0
12,23,0,0,384337,196498,187839,12130,7100,5030,6740,1050,5690,365467,188348,177119,2460,1370,1090
12,23,0,1,141580,78620,62960,46190,32520,13670,15450,1500,13950,79940,44600,35340,1160,810,350
12,23,0,2,142144,72190,69954,80440,56880,23560,20834,1170,19664,40870,14140,26730,1010,750,260
12,23,0,3,131640,61180,70460,85750,57880,27870,20070,520,19550,25820,2780,23040,480,340,140
12,23,0,4,118161,56162,61999,82082,54672,27410,17330,240,17090,18749,1250,17499,210,50,160
12,23,0,5,111209,54905,56304,79029,53745,25284,16220,190,16030,15960,970,14990,180,10,170
12,23,0,6,183631,91251,92380,130439,88839,41600,25290,430,24860,27902,1982,25920,190,20,170
12,23,0,7,133661,69061,64600,87917,65277,22640,17263,443,16820,28481,3341,25140,150,90,60
12,23,0,8,94903,49140,45763,42823,35180,7643,8720,650,8070,43360,13310,30050,250,120,130
12,23,0,9,45360,23550,21810,10410,9290,1120,1990,360,1630,32960,13900,19060,190,90,100
12,23,0,10,19615,10380,9235,1610,1400,210,480,170,310,17525,8810,8715,110,70,40
12,23,1,0,110600,57798,52802,1590,1190,400,230,100,130,108780,56508,52272,980,570,410
12,23,1,1,48497,25100,23397,7996,6690,1306,1187,429,758,39314,17981,21333,540,290,250
12,23,1,2,50389,25186,25203,19833,16430,3403,1410,360,1050,29146,8396,20750,550,310,240
12,23,1,3,44506,20924,23582,22724,18634,4090,1320,190,1130,20462,2100,18362,300,70,230
12,23,1,4,39201,20341,18860,23709,19419,4290,1322,152,1170,14170,770,13400,100,30,70
12,23,1,5,35866,19258,16608,22526,18458,4068,1200,160,1040,12140,640,11500,110,20,90
12,23,1,6,50163,27013,23150,31257,25703,5554,1630,190,1440,17276,1120,16156,100,10,90
12,23,1,7,31456,16774,14682,17021,14189,2832,850,60,790,13585,2525,11060,140,80,60
12,23,1,8,22019,11430,10589,6990,6030,960,380,60,320,14649,5340,9309,100,60,40
12,23,1,9,8840,4740,4100,1400,1240,160,50,10,40,7390,3490,3900,30,20,10
12,23,1,10,4230,2180,2050,310,290,20,70,40,30,3850,1850,2000,20,20,0
13,26,0,0,565695,296193,269502,30380,15960,14420,11740,1850,9890,523575,278383,245192,1300,770,530
13,26,0,1,186020,109280,76740,82780,54870,27910,15200,1770,13430,88040,52640,35400,1910,1520,390
13,26,0,2,194697,97440,97257,128187,80350,47837,19910,1240,18670,46600,15850,30750,2170,1750,420
13,26,0,3,178328,85780,92548,130958,82090,48868,18190,540,17650,29180,3150,26030,720,540,180
13,26,0,4,158682,78710,79972,123490,77490,46000,14972,300,14672,20220,920,19300,270,160,110
13,26,0,5,141720,72450,69270,112270,71620,40650,12940,200,12740,16510,630,15880,120,40,80
13,26,0,6,224354,115400,108954,176740,113876,62864,20484,264,20220,27130,1260,25870,220,60,160
13,26,0,7,161246,83920,77326,115293,79770,35523,14400,370,14030,31553,3780,27773,60,10,50
13,26,0,8,116080,60470,55610,55420,42680,12740,6910,760,6150,53750,17030,36720,140,60,80
13,26,0,9,51182,26482,24700,11462,9912,1550,1760,300,1460,37960,16270,21690,80,40,40
13,26,0,10,19810,9640,10170,1640,1410,230,320,110,210,17850,8120,9730,40,20,20
13,26,1,0,219950,114065,105885,5640,3040,2600,290,60,230,214020,110965,103055,1380,820,560
13,26,1,1,93372,49472,43900,19520,13280,6240,632,192,440,73220,36000,37220,3500,2540,960
13,26,1,2,91051,45311,45740,34970,27070,7900,910,250,660,55171,17991,37180,4540,3180,1360
13,26,1,3,78019,36963,41056,40740,31670,9070,913,133,780,36366,5160,31206,2060,1310,750
13,26,1,4,67501,33447,34054,40343,31497,8846,698,130,568,26460,1820,24640,750,310,440
13,26,1,5,61686,32437,29249,39596,31177,8419,670,80,590,21420,1180,20240,540,220,320
13,26,1,6,86384,45704,40680,54020,43283,10737,1010,60,950,31354,2361,28993,550,280,270
13,26,1,7,56488,29626,26862,29650,24250,5400,612,50,562,26226,5326,20900,200,140,60
13,26,1,8,39456,20396,19060,11258,9118,2140,440,70,370,27758,11208,16550,90,50,40
13,26,1,9,16256,8700,7556,2556,2200,356,50,40,10,13650,6460,7190,80,60,20
13,26,1,10,6350,2950,3400,530,360,170,10,0,10,5810,2590,3220,0,0,0
14,13,0,0,497027,256054,240973,14160,6430,7730,17240,5890,11350,465627,243734,221893,980,580,400
14,13,0,1,195160,109690,85470,69700,40410,29290,23520,6010,17510,101940,63270,38670,1990,1710,280
14,13,0,2,186607,93434,93173,114617,72184,42433,26190,2680,23510,45800,18570,27230,2170,1730,440
14,13,0,3,177516,83479,94037,127609,79479,48130,23360,780,22580,26547,3220,23327,700,510,190
14,13,0,4,160165,76315,83850,121593,75193,46400,19800,370,19430,18772,752,18020,92,72,20
14,13,0,5,149267,73530,75737,115457,72640,42817,18210,400,17810,15600,490,15110,200,70,130
14,13,0,6,236643,118931,117712,182412,116700,65712,28230,740,27490,26001,1491,24510,180,100,80
14,13,0,7,168395,86675,81720,116103,82573,33530,21452,1032,20420,30840,3070,27770,80,20,60
14,13,0,8,121010,58050,62960,52840,41950,10890,12490,1640,10850,55680,14460,41220,70,20,50
14,13,0,9,47295,22500,24795,10300,8950,1350,2815,780,2035,34180,12770,21410,20,10,10
14,13,0,10,17160,7370,9790,1680,1500,180,540,180,360,14940,5690,9250,10,0,10
14,13,1,0,176183,91214,84969,1930,1590,340,360,190,170,173893,89434,84459,340,210,130
14,13,1,1,78343,42773,35570,13358,11988,1370,1933,733,1200,63052,30052,33000,622,502,120
14,13,1,2,82817,43249,39568,31700,28530,3170,3063,1090,1973,48054,13629,34425,1020,760,260
14,13,1,3,75425,37140,38285,38759,33943,4816,2407,317,2090,34259,2880,31379,450,340,110
14,13,1,4,63099,33012,30087,37371,31974,5397,2128,208,1920,23600,830,22770,140,60,80
14,13,1,5,57546,30605,26941,35096,29782,5314,2010,150,1860,20440,673,19767,180,70,110
14,13,1,6,79154,43335,35819,48999,41755,7244,2018,220,1798,28137,1360,26777,150,60,90
14,13,1,7,47437,25295,22142,24972,21660,3312,990,170,820,21475,3465,18010,50,10,40
14,13,1,8,30478,14880,15598,8428,7180,1248,490,200,290,21560,7500,14060,50,20,30
14,13,1,9,11731,5711,6020,1871,1701,170,80,30,50,9780,3980,5800,20,10,10
14,13,1,10,4500,1930,2570,370,330,40,10,0,10,4120,1600,2520,30,10,20
15,3,0,0,391573,204805,186768,28570,11510,17060,7800,2170,5630,355203,191125,164078,2580,1440,1140
15,3,0,1,115675,69035,46640,61946,34786,27160,6899,2189,4710,46830,32060,14770,840,650,190
15,3,0,2,113266,56136,57130,88606,47806,40800,6680,840,5840,17980,7490,10490,540,440,100
15,3,0,3,109690,54430,55260,92832,52660,40172,5848,270,5578,11010,1500,9510,150,80,70
15,3,0,4,96970,48380,48590,84620,47870,36750,4760,60,4700,7590,450,7140,100,40,60
15,3,0,5,90754,47594,43160,79814,47024,32790,4570,80,4490,6370,490,5880,70,20,50
15,3,0,6,141346,70030,71316,122726,69010,53716,7740,180,7560,10880,840,10040,90,30,60
15,3,0,7,99666,51310,48356,78470,48690,29780,5650,190,5460,15546,2430,13116,90,0,90
15,3,0,8,71576,35346,36230,35537,24787,10750,3360,440,2920,32679,10119,22560,130,30,100
15,3,0,9,29700,14070,15630,6980,5270,1710,900,120,780,21820,8680,13140,200,130,70
15,3,0,10,11910,5470,6440,1190,820,370,50,10,40,10670,4640,6030,30,0,30
15,3,1,0,181313,95912,85401,2834,2030,804,250,170,80,178229,93712,84517,2120,1080,1040
15,3,1,1,70345,38745,31600,11430,9160,2270,660,410,250,58255,29175,29080,1160,720,440
15,3,1,2,78653,42413,36240,27763,23363,4400,830,450,380,50060,18600,31460,1280,770,510
15,3,1,3,67912,34760,33152,36188,30466,5722,849,369,480,30875,3925,26950,460,270,190
15,3,1,4,53172,28602,24570,32540,27500,5040,402,62,340,20230,1040,19190,260,60,200
15,3,1,5,45621,25753,19868,29501,25093,4408,480,100,380,15640,560,15080,120,10,110
15,3,1,6,60318,33790,26528,38940,32700,6240,610,160,450,20768,930,19838,120,20,100
15,3,1,7,33800,17152,16648,17883,14772,3111,297,50,247,15620,2330,13290,90,0,90
15,3,1,8,21429,10050,11379,5530,4700,830,140,40,100,15759,5310,10449,70,30,40
15,3,1,9,8500,4080,4420,1200,1040,160,20,10,10,7280,3030,4250,50,30,20
15,3,1,10,3830,1870,1960,440,420,20,20,10,10,3370,1440,1930,20,10,10
16,12,0,0,290698,150275,140423,26870,11610,15260,8320,2210,6110,255508,136455,119053,1620,950,670
16,12,0,1,79697,45637,34060,47297,25777,21520,5520,1500,4020,26880,18360,8520,390,270,120
16,12,0,2,86055,41070,44985,69675,36310,33365,5510,500,5010,10870,4260,6610,220,170,50
16,12,0,3,86261,40841,45420,73801,39921,33880,5540,130,5410,6920,790,6130,30,10,20
16,12,0,4,78227,37960,40267,67677,37230,30447,4660,120,4540,5890,610,5280,120,40,80
16,12,0,5,70292,36784,33508,61482,36294,25188,4190,130,4060,4620,360,4260,30,10,20
16,12,0,6,111270,57520,53750,96260,56450,39810,6340,130,6210,8670,940,7730,60,10,50
16,12,0,7,73931,37830,36101,57318,35570,21748,4720,300,4420,11893,1960,9933,50,20,30
16,12,0,8,53556,25996,27560,26770,18850,7920,3150,340,2810,23636,6806,16830,160,30,130
16,12,0,9,21780,10357,11423,5480,4270,1210,750,147,603,15550,5940,9610,180,80,100
16,12,0,10,9500,4190,5310,1220,890,330,190,50,140,8090,3250,4840,60,40,20
16,12,1,0,60366,31448,28918,1280,990,290,116,70,46,58970,30388,28582,380,270,110
16,12,1,1,21081,11381,9700,4381,3691,690,260,120,140,16440,7570,8870,280,180,100
16,12,1,2,21124,10620,10504,8527,7300,1227,400,120,280,12197,3200,8997,260,190,70
16,12,1,3,19688,9412,10276,10477,8846,1631,220,10,210,8991,556,8435,160,50,110
16,12,1,4,16635,8790,7845,9965,8500,1465,220,30,190,6450,260,6190,70,10,60
16,12,1,5,14321,7641,6680,8921,7521,1400,200,20,180,5200,100,5100,60,10,50
16,12,1,6,19590,10719,8871,12474,10293,2181,246,16,230,6870,410,6460,60,20,40
16,12,1,7,11917,6064,5853,6182,5182,1000,143,20,123,5592,862,4730,10,0,10
16,12,1,8,7756,4093,3663,2672,2312,360,91,11,80,4993,1770,3223,40,20,20
16,12,1,9,3170,1410,1760,530,490,40,10,0,10,2630,920,1710,10,0,10
16,12,1,10,1460,600,860,110,80,30,0,0,0,1350,520,830,0,0,0
17,19,0,0,415827,216356,199471,42300,19860,22440,10190,2010,8180,363337,194486,168851,860,500,360
17,19,0,1,123200,70670,52530,70070,39340,30730,8150,1440,6710,44980,29890,15090,1030,770,260
17,19,0,2,126050,59250,66800,96040,50500,45540,9480,530,8950,20530,8220,12310,1060,870,190
17,19,0,3,126898,60990,65908,103959,58770,45189,8960,280,8680,13979,1940,12039,390,290,100
17,19,0,4,114792,56572,58220,96432,55852,40580,7960,140,7820,10400,580,9820,130,80,50
17,19,0,5,100968,52780,48188,86950,52220,34730,6128,110,6018,7890,450,7440,80,10,70
17,19,0,6,157363,80420,76943,132883,78920,53963,9700,360,9340,14780,1140,13640,120,10,110
17,19,0,7,106870,54840,52030,81370,52090,29280,7230,280,6950,18270,2470,15800,110,50,60
17,19,0,8,78373,38063,40310,39793,28143,11650,4190,460,3730,34390,9460,24930,60,20,40
17,19,0,9,31105,14465,16640,8280,6450,1830,1015,265,750,21810,7750,14060,50,20,30
17,19,0,10,13470,5940,7530,1530,1250,280,280,100,180,11660,4590,7070,0,0,0
17,19,1,0,126151,65843,60308,2420,1790,630,180,130,50,123551,63923,59628,570,310,260
17,19,1,1,45202,25267,19935,7876,6600,1276,390,110,280,36936,18557,18379,1120,880,240
17,19,1,2,41433,21256,20177,14717,12190,2527,566,176,390,26150,8890,17260,1200,840,360
17,19,1,3,37471,18265,19206,19022,16295,2727,410,70,340,18039,1900,16139,620,390,230
17,19,1,4,33122,16813,16309,19483,16263,3220,401,60,341,13238,490,12748,270,100,170
17,19,1,5,30399,16221,14178,18893,15871,3022,436,30,406,11070,320,10750,150,50,100
17,19,1,6,42277,23049,19228,26977,22399,4578,430,60,370,14870,590,14280,100,0,100
17,19,1,7,24720,12520,12200,13530,11180,2350,210,0,210,10980,1340,9640,70,30,40
17,19,1,8,17673,8503,9170,5520,4580,940,170,70,100,11983,3853,8130,30,20,10
17,19,1,9,6930,3540,3390,1600,1430,170,20,0,20,5310,2110,3200,0,0,0
17,19,1,10,3431,1551,1880,321,291,30,10,0,10,3100,1260,1840,0,0,0
18,5,0,0,373464,194391,179073,27344,12190,15154,14710,4860,9850,331410,177341,154069,2270,1170,1100
18,5,0,1,110727,64253,46474,54411,29140,25271,10630,2850,7780,45686,32263,13423,610,520,90
18,5,0,2,108746,53281,55465,81267,43437,37830,10689,1364,9325,16790,8480,8310,440,360,80
18,5,0,3,107790,51520,56270,87900,49130,38770,10380,490,9890,9510,1900,7610,260,170,90
18,5,0,4,98170,49150,49020,83880,48220,35660,8270,220,8050,6020,710,5310,90,60,30
18,5,0,5,90337,46257,44080,77187,45457,31730,7520,240,7280,5630,560,5070,70,40,30
18,5,0,6,147823,74180,73643,125793,72980,52813,12580,300,12280,9450,900,8550,20,0,20
18,5,0,7,107642,54952,52690,83342,52452,30890,10830,470,10360,13470,2030,11440,80,10,70
18,5,0,8,76780,38240,38540,38960,27430,11530,6730,1080,5650,31090,9730,21360,220,90,130
18,5,0,9,33145,15905,17240,7860,5940,1920,1860,520,1340,23425,9445,13980,150,50,100
18,5,0,10,14290,6890,7400,1550,1210,340,280,60,220,12460,5620,6840,60,20,40
18,5,1,0,83480,43715,39765,1450,1010,440,199,119,80,81831,42586,39245,440,210,230
18,5,1,1,32435,18427,14008,5338,4430,908,440,250,190,26657,13747,12910,290,210,80
18,5,1,2,29484,15953,13531,10553,8812,1741,610,210,400,18321,6931,11390,380,290,90
18,5,1,3,26358,12283,14075,12946,10783,2163,500,100,400,12912,1400,11512,180,90,90
18,5,1,4,22663,11484,11179,13285,11154,2131,410,60,350,8968,270,8698,10,0,10
18,5,1,5,20095,11187,8908,12922,10917,2005,290,0,290,6883,270,6613,100,30,70
18,5,1,6,28115,15667,12448,18023,15235,2788,479,42,437,9613,390,9223,70,10,60
18,5,1,7,16958,8675,8283,9268,7645,1623,130,10,120,7560,1020,6540,20,0,20
18,5,1,8,11630,5720,5910,3670,3170,500,100,40,60,7860,2510,5350,10,10,0
18,5,1,9,4300,2170,2130,910,720,190,90,30,60,3300,1420,1880,20,10,10
18,5,1,10,2000,920,1080,200,160,40,0,0,0,1800,760,1040,10,0,10
19,16,0,0,489360,253766,235594,47754,23990,23764,17260,4010,13250,424346,225766,198580,1040,680,360
19,16,0,1,146240,83280,62960,74480,41880,32600,13260,2770,10490,58500,38630,19870,1120,840,280
19,16,0,2,141563,67486,74077,99290,54070,45220,14560,1200,13360,27713,12216,15497,960,730,230
19,16,0,3,137398,66047,71351,108688,63077,45611,12540,350,12190,16170,2620,13550,340,260,80
19,16,0,4,120749,61499,59250,99279,60579,38700,10130,180,9950,11340,740,10600,100,50,50
19,16,0,5,105383,54580,50803,87233,54100,33133,8980,190,8790,9170,290,8880,90,30,60
19,16,0,6,165708,85870,79838,137020,84680,52340,14258,230,14028,14430,960,13470,120,40,80
19,16,0,7,111313,56493,54820,83203,53863,29340,10330,370,9960,17780,2260,15520,10,0,10
19,16,0,8,81540,40300,41240,42010,30330,11680,5820,680,5140,33710,9290,24420,50,10,40
19,16,0,9,34310,16380,17930,8990,7310,1680,1630,440,1190,23690,8630,15060,50,10,40
19,16,0,10,15690,6720,8970,1820,1440,380,280,120,160,13590,5160,8430,50,10,40
19,16,1,0,136787,71615,65172,3290,2280,1010,1050,500,550,132447,68835,63612,530,240,290
19,16,1,1,51931,29078,22853,8971,7048,1923,850,360,490,42110,21670,20440,780,510,270
19,16,1,2,47178,24836,22342,15938,12896,3042,1060,330,730,30180,11610,18570,1010,670,340
19,16,1,3,39407,19261,20146,20264,16751,3513,803,80,723,18340,2430,15910,420,240,180
19,16,1,4,33767,17564,16203,19974,16694,3280,840,190,650,12953,680,12273,120,100,20
19,16,1,5,30640,16116,14524,19260,15736,3524,600,70,530,10780,310,10470,110,40,70
19,16,1,6,42568,23928,18640,27640,23210,4430,798,118,680,14130,600,13530,150,30,120
19,16,1,7,25748,12916,12832,13515,11060,2455,459,32,427,11774,1824,9950,90,30,60
19,16,1,8,17991,9101,8890,6021,5051,970,200,70,130,11770,3980,7790,60,40,20
19,16,1,9,6773,3090,3683,1183,1010,173,50,0,50,5540,2080,3460,10,0,10
19,16,1,10,2990,1350,1640,260,210,50,10,0,10,2720,1140,1580,10,0,10
20,18,0,0,266557,137800,128757,14614,7200,7414,3970,590,3380,247973,130010,117963,680,430,250
20,18,0,1,90152,49975,40177,41027,24060,16967,5965,695,5270,43160,25220,17940,1500,1150,350
20,18,0,2,86631,43411,43220,60001,34601,25400,6720,360,6360,19910,8450,11460,1750,1480,270
20,18,0,3,79383,39173,40210,62407,37383,25024,5540,120,5420,11436,1670,9766,520,410,110
20,18,0,4,69134,34230,34904,56590,33620,22970,4500,70,4430,8044,540,7504,150,120,30
20,18,0,5,65590,33290,32300,54450,32830,21620,4450,40,4410,6690,420,6270,120,90,30
20,18,0,6,107603,54330,53273,89390,53650,35740,6953,70,6883,11260,610,10650,150,50,100
20,18,0,7,77020,40100,36920,58270,38380,19890,5040,190,4850,13710,1530,12180,30,10,20
20,18,0,8,57065,29043,28022,29475,21923,7552,2870,200,2670,24720,6920,17800,50,20,30
20,18,0,9,24552,12582,11970,6800,5790,1010,790,150,640,16962,6642,10320,10,10,0
20,18,0,10,11840,6270,5570,1330,1130,200,160,50,110,10350,5090,5260,30,30,0
20,18,1,0,49629,25697,23932,910,650,260,150,30,120,48569,25017,23552,180,120,60
20,18,1,1,20640,11920,8720,3770,2890,880,210,110,100,16660,8920,7740,840,510,330
20,18,1,2,17506,9362,8144,6256,5002,1254,310,90,220,10940,4270,6670,870,590,280
20,18,1,3,14903,7250,7653,7670,6310,1360,393,40,353,6840,900,5940,420,210,210
20,18,1,4,12568,6700,5868,7700,6350,1350,280,20,260,4588,330,4258,130,50,80
20,18,1,5,11848,5932,5916,7488,5832,1656,210,0,210,4150,100,4050,30,10,20
20,18,1,6,17680,9690,7990,11360,9250,2110,290,50,240,6030,390,5640,100,20,80
20,18,1,7,10382,5417,4965,5997,4867,1130,110,10,100,4275,540,3735,30,10,20
20,18,1,8,7140,3580,3560,2530,2060,470,80,30,50,4530,1490,3040,10,0,10
20,18,1,9,3164,1654,1510,600,510,90,60,20,40,2504,1124,1380,10,0,10
20,18,1,10,1600,800,800,280,250,30,20,0,20,1300,550,750,0,0,0
21,14,0,0,342600,175393,167207,22440,11630,10810,7110,1380,5730,313050,162383,150667,590,240,350
21,14,0,1,114840,64860,49980,48000,27320,20680,9540,1040,8500,57300,36500,20800,940,770,170
21,14,0,2,103600,50660,52940,71039,39460,31579,10640,810,9830,21921,10390,11531,970,850,120
21,14,0,3,94459,45510,48949,73480,42680,30800,9499,280,9219,11480,2550,8930,470,430,40
21,14,0,4,85856,42446,43410,70506,41526,28980,7490,80,7410,7860,840,7020,110,70,40
21,14,0,5,76440,39030,37410,63670,38370,25300,6570,120,6450,6200,540,5660,150,130,20
21,14,0,6,125995,63815,62180,104765,62665,42100,11180,180,11000,10050,970,9080,80,70,10
21,14,0,7,88840,47180,41660,69490,45820,23670,7800,160,7640,11550,1200,10350,40,20,20
21,14,0,8,62202,31951,30251,35621,26311,9310,4120,320,3800,22461,5320,17141,80,30,50
21,14,0,9,26890,12970,13920,8290,6780,1510,1030,170,860,17570,6020,11550,30,30,0
21,14,0,10,12521,5931,6590,1840,1470,370,320,120,200,10361,4341,6020,10,10,0
21,14,1,0,89948,46754,43194,1765,1405,360,140,30,110,88043,45319,42724,420,170,250
21,14,1,1,34746,19686,15060,5550,4790,760,436,116,320,28760,14780,13980,720,520,200
21,14,1,2,30678,16079,14599,9676,8369,1307,610,90,520,20392,7620,12772,690,550,140
21,14,1,3,25894,12221,13673,12384,10947,1437,500,50,450,13010,1224,11786,360,270,90
21,14,1,4,23834,12164,11670,13354,11694,1660,450,0,450,10030,470,9560,110,70,40
21,14,1,5,21068,11294,9774,12693,11004,1689,495,10,485,7880,280,7600,90,70,20
21,14,1,6,27916,15860,12056,17681,15550,2131,520,10,510,9715,300,9415,80,30,50
21,14,1,7,16045,8770,7275,8865,8020,845,360,30,330,6820,720,6100,40,30,10
21,14,1,8,10894,5754,5140,3794,3394,400,210,30,180,6890,2330,4560,50,20,30
21,14,1,9,4350,2220,2130,960,890,70,50,10,40,3340,1320,2020,0,0,0
21,14,1,10,2250,1090,1160,210,160,50,0,0,0,2040,930,1110,0,0,0
22,6,0,0,380420,196094,184326,32570,11750,20820,7610,2280,5330,340240,182064,158176,1110,640,470
22,6,0,1,124385,70066,54319,65939,34020,31919,6660,1830,4830,51786,34216,17570,1380,1100,280
22,6,0,2,118047,58147,59900,92077,48267,43810,5950,840,5110,20020,9040,10980,1340,1180,160
22,6,0,3,114000,55770,58230,97310,53800,43510,5670,310,5360,11020,1660,9360,570,430,140
22,6,0,4,99455,47550,51905,87160,46670,40490,4550,170,4380,7745,710,7035,100,90,10
22,6,0,5,90070,46860,43210,80680,46300,34380,3850,120,3730,5540,440,5100,70,40,30
22,6,0,6,139851,70774,69077,124481,69534,54947,6000,200,5800,9370,1040,8330,60,40,20
22,6,0,7,107740,55500,52240,89860,53220,36640,4817,280,4537,13063,2000,11063,100,30,70
22,6,0,8,75004,38024,36980,45644,30054,15590,3110,490,2620,26250,7480,18770,90,50,40
22,6,0,9,29360,14550,14810,9780,7280,2500,930,240,690,18650,7030,11620,60,30,30
22,6,0,10,11312,5412,5900,2150,1540,610,212,72,140,8950,3800,5150,80,30,50
22,6,1,0,96122,49689,46433,1920,1310,610,340,130,210,93862,48249,45613,460,260,200
22,6,1,1,40420,22620,17800,7140,5850,1290,650,260,390,32630,16510,16120,980,780,200
22,6,1,2,35302,18504,16798,13874,11464,2410,790,270,520,20638,6770,13868,1670,1310,360
22,6,1,3,30042,14208,15834,16064,12900,3164,608,58,550,13370,1250,12120,680,510,170
22,6,1,4,26054,13248,12806,15708,12808,2900,610,60,550,9736,380,9356,190,130,60
22,6,1,5,24551,12755,11796,15511,12465,3046,580,20,560,8460,270,8190,80,70,10
22,6,1,6,35930,19186,16744,23680,18766,4914,600,70,530,11650,350,11300,100,40,60
22,6,1,7,23734,12490,11244,14080,11100,2980,394,40,354,9260,1350,7910,70,40,30
22,6,1,8,16450,7980,8470,6420,5000,1420,200,30,170,9830,2950,6880,50,30,20
22,6,1,9,6830,3390,3440,1400,1260,140,50,40,10,5380,2090,3290,30,20,10
22,6,1,10,2800,1210,1590,380,320,60,20,0,20,2400,890,1510,0,0,0
23,1,0,0,389469,200542,188927,32550,12440,20110,5630,1850,3780,351289,186252,165037,650,480,170
23,1,0,1,143694,79594,64100,66438,35460,30978,6394,2094,4300,70862,42040,28822,1590,1230,360
23,1,0,2,132520,68208,64312,93868,53048,40820,6152,1050,5102,32500,14110,18390,1940,1690,250
23,1,0,3,121070,60370,60700,98480,57350,41130,4990,290,4700,17600,2730,14870,590,500,90
23,1,0,4,103970,52270,51700,88300,51330,36970,3710,80,3630,11960,860,11100,190,100,90
23,1,0,5,93957,48827,45130,81631,48201,33430,3010,70,2940,9316,556,8760,86,76,10
23,1,0,6,145446,73926,71520,126046,72496,53550,4890,220,4670,14510,1210,13300,100,60,40
23,1,0,7,111157,55990,55167,90860,53860,37000,4190,210,3980,16107,1920,14187,60,40,20
23,1,0,8,82907,42290,40617,50518,33781,16737,2870,390,2480,29519,8119,21400,70,30,40
23,1,0,9,31840,15650,16190,11030,8310,2720,580,180,400,20230,7160,13070,70,40,30
23,1,0,10,11470,5560,5910,1910,1480,430,90,0,90,9470,4080,5390,50,40,10
23,1,1,0,153534,79490,74044,2640,2020,620,200,90,110,150694,77380,73314,850,630,220
23,1,1,1,67265,35510,31755,11855,10000,1855,490,360,130,54920,25150,29770,2040,1490,550
23,1,1,2,60447,31627,28820,21240,18300,2940,666,304,362,38541,13023,25518,2443,1883,560
23,1,1,3,51189,24970,26219,25950,21740,4210,480,120,360,24759,3110,21649,1320,1000,320
23,1,1,4,43157,22421,20736,25949,21661,4288,390,80,310,16818,680,16138,350,170,180
23,1,1,5,39462,20742,18720,24035,20052,3983,270,20,250,15157,670,14487,290,130,160
23,1,1,6,57239,31098,26141,35829,30118,5711,430,40,390,20980,940,20040,300,200,100
23,1,1,7,37982,19897,18085,21572,17707,3865,290,80,210,16120,2110,14010,110,30,80
23,1,1,8,27380,13310,14070,9370,7500,1870,180,70,110,17830,5740,12090,80,80,0
23,1,1,9,10806,5566,5240,2260,2020,240,36,16,20,8510,3530,4980,10,10,0
23,1,1,10,4870,2160,2710,670,560,110,20,10,10,4180,1590,2590,20,10,10
24,2,0,0,346188,176158,170030,20190,10240,9950,14220,6240,7980,311778,159678,152100,2043,1143,900
24,2,0,1,149054,77014,72040,57554,32704,24850,16450,7310,9140,75050,37000,38050,1350,780,570
24,2,0,2,129248,69796,59452,81740,52830,28910,12076,3456,8620,35432,13510,21922,1430,920,510
24,2,0,3,114780,56570,58210,85630,52640,32990,9060,940,8120,20090,2990,17100,580,380,200
24,2,0,4,97787,50780,47007,80707,49850,30857,5320,230,5090,11760,700,11060,300,90,210
24,2,0,5,86370,44680,41690,73350,43970,29380,4490,160,4330,8530,550,7980,160,10,150
24,2,0,6,139927,70224,69703,118497,68674,49823,6920,330,6590,14510,1220,13290,70,0,70
24,2,0,7,111560,57730,53830,90330,55770,34560,5580,360,5220,15650,1600,14050,40,0,40
24,2,0,8,83179,44832,38347,54122,37572,16550,3990,1000,2990,25067,6260,18807,100,30,70
24,2,0,9,33225,18100,15125,12820,10150,2670,1255,550,705,19150,7400,11750,30,10,20
24,2,0,10,11920,6180,5740,2190,1770,420,220,140,80,9510,4270,5240,30,0,30
24,2,1,0,167396,87032,80364,2710,2120,590,810,400,410,163876,84512,79364,1590,930,660
24,2,1,1,80770,40860,39910,12500,10050,2450,1440,620,820,66830,30190,36640,1730,1040,690
24,2,1,2,73570,39613,33957,24894,21576,3318,1600,670,930,47076,17367,29709,2290,1510,780
24,2,1,3,57584,28905,28679,28344,24225,4119,1060,230,830,28180,4450,23730,850,530,320
24,2,1,4,48834,25174,23660,28700,24120,4580,954,174,780,19180,880,18300,300,140,160
24,2,1,5,44357,22767,21590,27332,22192,5140,760,60,700,16265,515,15750,210,40,170
24,2,1,6,68230,36688,31542,43423,35320,8103,1075,78,997,23732,1290,22442,220,80,140
24,2,1,7,45783,24143,21640,26729,21863,4866,770,140,630,18284,2140,16144,70,20,50
24,2,1,8,31747,16800,14947,12280,9900,2380,467,200,267,19000,6700,12300,140,90,50
24,2,1,9,12988,6658,6330,2700,2470,230,190,100,90,10098,4088,6010,50,30,20
24,2,1,10,5260,2580,2680,550,450,100,80,20,60,4630,2110,2520,20,20,0
25,29,0,0,433718,222930,210788,38420,16710,21710,8340,2450,5890,386958,203770,183188,2180,1270,910
25,29,0,1,157362,84306,73056,76266,40400,35866,9876,2666,7210,71220,41240,29980,1750,1170,580
25,29,0,2,146202,74660,71542,104470,59000,45470,9360,1510,7850,32372,14150,18222,1850,1480,370
25,29,0,3,131773,62900,68873,107373,59690,47683,7530,460,7070,16870,2750,14120,740,570,170
25,29,0,4,112950,57290,55660,96800,56160,40640,5620,250,5370,10530,880,9650,170,90,80
25,29,0,5,102223,53384,48839,89573,52704,36869,4290,110,4180,8360,570,7790,80,30,50
25,29,0,6,161167,81467,79700,141847,80237,61610,7470,180,7290,11850,1050,10800,150,20,130
25,29,0,7,120175,62730,57445,99320,59700,39620,5935,470,5465,14920,2560,12360,50,10,40
25,29,0,8,85873,43550,42323,53204,35090,18114,3770,610,3160,28899,7850,21049,130,50,80
25,29,0,9,33920,16310,17610,11440,8790,2650,1210,290,920,21270,7230,14040,50,30,20
25,29,0,10,12850,5920,6930,1940,1560,380,240,70,170,10670,4290,6380,30,0,30
25,29,1,0,88743,45979,42764,1200,870,330,190,110,80,87353,44999,42354,430,280,150
25,29,1,1,38525,20026,18499,5066,4056,1010,390,200,190,33069,15770,17299,750,510,240
25,29,1,2,36310,19683,16627,12249,10482,1767,640,240,400,23421,8961,14460,1090,750,340
25,29,1,3,29613,14560,15053,14983,12460,2523,550,120,430,14080,1980,12100,340,220,120
25,29,1,4,25120,13269,11851,15286,12800,2486,539,69,470,9295,400,8895,80,20,60
25,29,1,5,22635,11609,11026,13782,11375,2407,503,24,479,8350,210,8140,50,20,30
25,29,1,6,33141,18311,14830,21760,17830,3930,594,70,524,10787,411,10376,50,0,50
25,29,1,7,19765,10130,9635,11111,8980,2131,310,30,280,8344,1120,7224,30,0,30
25,29,1,8,13588,6838,6750,4940,4000,940,200,80,120,8448,2758,5690,50,40,10
25,29,1,9,6340,3050,3290,1370,1210,160,50,30,20,4920,1810,3110,30,20,10
25,29,1,10,2380,1170,1210,140,110,30,10,10,0,2230,1050,1180,20,10,10
26,28,0,0,177619,90168,87451,7640,3620,4020,2850,1290,1560,167129,85258,81871,830,450,380
26,28,0,1,77936,39700,38236,27350,14850,12500,4666,2000,2666,45920,22850,23070,1100,600,500
26,28,0,2,67576,37990,29586,43166,27330,15836,3620,1170,2450,20790,9490,11300,1240,960,280
26,28,0,3,59407,29040,30367,45960,26610,19350,2240,340,1900,11207,2090,9117,460,250,210
26,28,0,4,52462,26725,25737,45172,26185,18987,1800,110,1690,5490,430,5060,190,60,130
26,28,0,5,48400,25570,22830,42960,25210,17750,1140,40,1100,4300,320,3980,60,30,30
26,28,0,6,76963,38483,38480,67943,38033,29910,2320,60,2260,6700,390,6310,130,20,110
26,28,0,7,61062,30862,30200,51480,29730,21750,1882,102,1780,7700,1030,6670,70,20,50
26,28,0,8,46355,24955,21400,31160,20530,10630,1430,270,1160,13765,4155,9610,100,50,50
26,28,0,9,19950,10570,9380,7210,5300,1910,400,140,260,12340,5130,7210,60,40,20
26,28,0,10,7970,4270,3700,1280,970,310,90,80,10,6600,3220,3380,30,20,10
26,28,1,0,64485,32625,31860,560,420,140,149,49,100,63776,32156,31620,380,240,140
26,28,1,1,31980,15924,16056,3006,2510,496,290,140,150,28684,13274,15410,1220,760,460
26,28,1,2,28941,15323,13618,7617,6680,937,490,280,210,20834,8363,12471,1790,1090,700
26,28,1,3,23738,12180,11558,11368,9770,1598,340,120,220,12030,2290,9740,810,490,320
26,28,1,4,20042,10760,9282,12100,10200,1900,230,40,190,7712,520,7192,230,100,130
26,28,1,5,18563,9642,8921,11336,9327,2009,248,85,163,6979,230,6749,150,40,110
26,28,1,6,26403,14572,11831,16713,14042,2671,300,90,210,9390,440,8950,140,60,80
26,28,1,7,18871,9941,8930,10741,8791,1950,330,40,290,7800,1110,6690,30,10,20
26,28,1,8,13404,6680,6724,4097,3190,907,210,120,90,9097,3370,5727,60,60,0
26,28,1,9,6290,3570,2720,1200,1060,140,0,0,0,5090,2510,2580,10,10,0
26,28,1,10,2200,1250,950,250,210,40,10,0,10,1940,1040,900,20,0,20
27,15,0,0,288457,146109,142348,13660,6580,7080,4480,1590,2890,270317,137939,132378,2380,1350,1030
27,15,0,1,123335,64040,59295,48265,25580,22685,7690,2220,5470,67380,36240,31140,1160,740,420
27,15,0,2,112889,61759,51130,74446,46216,28230,7270,1650,5620,31173,13893,17280,990,710,280
27,15,0,3,96425,48775,47650,74915,45165,29750,5400,710,4690,16110,2900,13210,390,220,170
27,15,0,4,83827,43360,40467,69917,42330,27587,4290,290,4000,9620,740,8880,220,100,120
27,15,0,5,78470,40800,37670,68020,39970,28050,3620,270,3350,6830,560,6270,150,70,80
27,15,0,6,123155,63580,59575,109001,62240,46761,5086,310,4776,9068,1030,8038,130,80,50
27,15,0,7,89722,47292,42430,75172,45012,30160,4000,390,3610,10550,1890,8660,130,30,100
27,15,0,8,65585,34465,31120,41641,27391,14250,3260,690,2570,20684,6384,14300,100,40,60
27,15,0,9,27810,14370,13440,10110,7210,2900,930,360,570,16770,6800,9970,50,20,30
27,15,0,10,11040,5890,5150,1960,1620,340,220,140,80,8860,4130,4730,90,20,70
27,15,1,0,452250,231549,220701,4000,2710,1290,540,340,200,447710,228499,219211,5700,3220,2480
27,15,1,1,213491,109620,103871,24749,20740,4009,1970,970,1000,186772,87910,98862,5300,3140,2160
27,15,1,2,220785,116026,104759,67026,57636,9390,3459,2090,1369,150300,56300,94000,7110,4490,2620
27,15,1,3,184793,94783,90010,90681,77722,12959,3044,1104,1940,91068,15957,75111,3310,1780,1530
27,15,1,4,152869,81781,71088,90244,76651,13593,2330,610,1720,60295,4520,55775,1330,490,840
27,15,1,5,133245,71880,61365,83335,68860,14475,1670,380,1290,48240,2640,45600,900,210,690
27,15,1,6,190937,106061,84876,121182,100349,20833,2643,530,2113,67112,5182,61930,1030,340,690
27,15,1,7,125216,66715,58501,67405,56279,11126,1510,480,1030,56301,9956,46345,550,160,390
27,15,1,8,81369,41339,40030,23469,19059,4410,940,340,600,56960,21940,35020,550,310,240
27,15,1,9,33719,16910,16809,5609,4790,819,290,150,140,27820,11970,15850,310,140,170
27,15,1,10,14760,6990,7770,1430,1270,160,100,70,30,13230,5650,7580,60,20,40
28,4,0,0,418423,211151,207272,13430,6120,7310,5160,1520,3640,399833,203511,196322,4750,2400,2350
28,4,0,1,176614,90360,86254,68160,31790,36370,12430,3050,9380,96024,55520,40504,1570,1090,480
28,4,0,2,155771,78131,77640,110851,55921,54930,13730,2510,11220,31190,19700,11490,1010,810,200
28,4,0,3,144444,70361,74083,121443,64810,56633,11020,1120,9900,11981,4431,7550,460,380,80
28,4,0,4,129495,63850,65645,114075,61880,52195,8410,670,7740,7010,1300,5710,200,110,90
28,4,0,5,117958,60138,57820,105658,59188,46470,6770,350,6420,5530,600,4930,110,30,80
28,4,0,6,190215,94986,95229,168700,92532,76168,11731,990,10741,9784,1464,8320,170,70,100
28,4,0,7,138199,71140,67059,114189,67500,46689,9970,970,9000,14040,2670,11370,170,50,120
28,4,0,8,91946,44896,47050,52340,34120,18220,6656,1426,5230,32950,9350,23600,350,110,240
28,4,0,9,35210,15770,19440,9560,6760,2800,1630,460,1170,24020,8550,15470,190,80,110
28,4,0,10,12200,5550,6650,1750,1320,430,410,170,240,10040,4060,5980,70,40,30
28,4,1,0,62863,32996,29867,360,250,110,80,20,60,62423,32726,29697,510,260,250
28,4,1,1,32117,15837,16280,3170,1990,1180,361,121,240,28586,13726,14860,850,550,300
28,4,1,2,29034,15114,13920,9194,6894,2300,630,250,380,19210,7970,11240,870,680,190
28,4,1,3,21397,10810,10587,10907,8350,2557,570,180,390,9920,2280,7640,350,280,70
28,4,1,4,19719,10347,9372,12232,9607,2625,471,40,431,7016,700,6316,170,80,90
28,4,1,5,17840,8810,9030,11470,8430,3040,280,20,260,6090,360,5730,100,50,50
28,4,1,6,28278,14820,13458,19381,14210,5171,530,50,480,8367,560,7807,190,90,100
28,4,1,7,18065,9996,8069,11520,8950,2570,326,26,300,6219,1020,5199,40,20,20
28,4,1,8,11479,5280,6199,4140,3090,1050,259,90,169,7080,2100,4980,60,10,50
28,4,1,9,4562,2042,2520,830,680,150,60,10,50,3672,1352,2320,30,10,20
28,4,1,10,1590,660,930,190,100,90,0,0,0,1400,560,840,30,20,10
29,7,0,0,299584,153460,146124,15380,7530,7850,5170,1330,3840,279034,144600,134434,1990,1190,800
29,7,0,1,117109,60595,56514,49510,24920,24590,9801,2181,7620,57798,33494,24304,940,670,270
29,7,0,2,109580,55690,53890,75990,42560,33430,10040,1780,8260,23550,11350,12200,700,500,200
29,7,0,3,104565,50759,53806,83259,47529,35730,8776,690,8086,12530,2540,9990,200,180,20
29,7,0,4,89118,45380,43738,75488,44240,31248,6500,270,6230,7130,870,6260,80,30,50
29,7,0,5,80225,41455,38770,69215,40795,28420,5910,140,5770,5100,520,4580,30,20,10
29,7,0,6,127394,64740,62654,110950,63370,47580,8900,250,8650,7544,1120,6424,60,40,20
29,7,0,7,94000,48520,45480,75660,45890,29770,6950,390,6560,11390,2240,9150,120,30,90
29,7,0,8,63395,31455,31940,37555,24905,12650,4210,600,3610,21630,5950,15680,100,30,70
29,7,0,9,25381,12520,12861,8281,6180,2101,990,250,740,16110,6090,10020,110,90,20
29,7,0,10,9770,4610,5160,1470,1210,260,260,50,210,8040,3350,4690,10,10,0
29,7,1,0,118656,60208,58448,960,570,390,220,100,120,117476,59538,57938,1770,920,850
29,7,1,1,51865,27524,24341,5281,4140,1141,680,290,390,45904,23094,22810,1160,830,330
29,7,1,2,52059,26553,25506,15133,12676,2457,954,444,510,35972,13433,22539,980,760,220
29,7,1,3,47240,24096,23144,23500,20390,3110,726,316,410,23014,3390,19624,430,240,190
29,7,1,4,38472,21224,17248,23391,20468,2923,545,120,425,14536,636,13900,180,60,120
29,7,1,5,34373,18915,15458,21285,18255,3030,570,180,390,12518,480,12038,100,30,70
29,7,1,6,47326,26877,20449,30971,25917,5054,530,100,430,15825,860,14965,160,30,130
29,7,1,7,24837,14097,10740,14557,12207,2350,470,70,400,9810,1820,7990,150,70,80
29,7,1,8,14359,6789,7570,4240,3390,850,240,130,110,9879,3269,6610,170,50,120
29,7,1,9,5960,3010,2950,1110,910,200,50,20,30,4800,2080,2720,70,40,30
29,7,1,10,2576,1260,1316,330,260,70,36,10,26,2210,990,1220,20,20,0
30,9,0,0,175504,88783,86721,12460,6440,6020,6260,1650,4610,156784,80693,76091,1970,980,990
30,9,0,1,63707,31232,32475,33560,16770,16790,8535,1530,7005,21612,12932,8680,575,385,190
30,9,0,2,60588,28070,32518,43492,23340,20152,9090,650,8440,8006,4080,3926,330,270,60
30,9,0,3,60241,28881,31360,47440,27670,19770,8791,321,8470,4010,890,3120,130,50,80
30,9,0,4,52996,27138,25858,43568,26468,17100,6640,190,6450,2788,480,2308,70,40,30
30,9,0,5,46560,25110,21450,38580,24580,14000,5740,200,5540,2240,330,1910,20,10,10
30,9,0,6,70229,36580,33649,58509,35770,22739,8430,250,8180,3290,560,2730,70,30,40
30,9,0,7,48550,25520,23030,36960,24130,12830,5770,370,5400,5820,1020,4800,20,10,10
30,9,0,8,30330,15230,15100,16130,11440,4690,3060,560,2500,11140,3230,7910,80,20,60
30,9,0,9,11420,5480,5940,3600,2690,910,720,240,480,7100,2550,4550,60,20,40
30,9,0,10,4530,2470,2060,810,680,130,170,70,100,3550,1720,1830,70,30,40
30,9,1,0,16354,8347,8007,250,140,110,30,10,20,16074,8197,7877,50,10,40
30,9,1,1,7537,3897,3640,1090,670,420,250,120,130,6197,3107,3090,120,60,60
30,9,1,2,7326,3923,3403,2973,2143,830,340,70,270,4013,1710,2303,120,70,50
30,9,1,3,6192,3282,2910,4062,2992,1070,200,20,180,1930,270,1660,70,30,40
30,9,1,4,5016,2749,2267,3328,2679,649,188,10,178,1500,60,1440,0,0,0
30,9,1,5,4614,2560,2054,3397,2550,847,130,0,130,1087,10,1077,10,10,0
30,9,1,6,6562,3540,3022,4732,3490,1242,150,0,150,1680,50,1630,0,0,0
30,9,1,7,3302,1680,1622,2042,1430,612,150,20,130,1110,230,880,0,0,0
30,9,1,8,2122,1072,1050,810,590,220,129,9,120,1183,473,710,0,0,0
30,9,1,9,920,410,510,250,190,60,20,10,10,650,210,440,10,0,10
30,9,1,10,400,180,220,60,40,20,10,0,10,330,140,190,0,0,0
