Area_Name,Total_Rural_Urban,Age_Group,Population_Persons,Population_Males,Population_Females,Main_Workers_Persons,Main_Workers_Males,Main_Workers_Females,Marginal_Seeking_Persons,Marginal_Seeking_Males,Marginal_Seeking_Females,Non_Workers_Total_Persons,Non_Workers_Total_Males,Non_Workers_Total_Females,Non_Workers_Seeking_Persons,Non_Workers_Seeking_Males,Non_Workers_Seeking_Females,District_Code,Marginal_0_to_6_Persons,Marginal_0_to_6_Males,Marginal_0_to_6_Females
20,0,0,163846,84016,79830,4100,2113,1987,280,137,143,158270,81187,77083,1134,555,579,1,1476,716,760
20,0,1,169724,87280,82444,12465,6176,6289,1803,843,960,150661,78226,72435,2165,1185,980,1,6598,2878,3720
20,0,2,143816,73032,70784,45187,22859,22328,7184,3491,3693,82569,43677,38892,8605,4870,3735,1,16060,6496,9564
20,0,3,122491,59942,62549,72419,38718,33701,8641,4207,4434,32232,14722,17510,6509,3738,2771,1,17840,6502,11338
20,0,4,102623,51639,50984,73859,42786,31073,6491,3078,3413,14595,3937,10658,2688,1295,1393,1,14169,4916,9253
20,0,5,90343,44102,46241,69092,39204,29888,4729,2111,2618,9724,1335,8389,1150,375,775,1,11527,3563,7964
20,0,6,85798,42498,43300,67015,38401,28614,4115,1797,2318,8431,966,7465,797,237,560,1,10352,3131,7221
20,0,7,143963,72420,71543,112780,65931,46849,6097,2560,3537,14280,1515,12765,1007,269,738,1,16903,4974,11929
20,0,8,94030,47610,46420,70496,42503,27993,3191,1388,1803,13194,1970,11224,610,193,417,1,10340,3137,7203
20,0,9,69263,31798,37465,41157,24167,16990,1818,761,1057,20470,5065,15405,541,163,378,1,7636,2566,5070
20,0,10,29875,13601,16274,11806,7593,4213,536,264,272,15322,4837,10485,193,67,126,1,2747,1171,1576
20,0,11,8776,3948,4828,2581,1601,980,109,59,50,5561,2071,3490,38,21,17,1,634,276,358
20,1,0,26140,14178,11962,806,430,376,40,22,18,25174,13655,11519,111,65,46,1,160,93,67
20,1,1,32647,19044,13603,1475,860,615,144,82,62,30793,17986,12807,354,212,142,1,379,198,181
20,1,2,32921,18665,14256,4131,2975,1156,575,350,225,27644,14985,12659,3015,2184,831,1,1146,705,441
20,1,3,28054,14981,13073,7739,6174,1565,795,535,260,18762,7840,10922,3701,2445,1256,1,1553,967,586
20,1,4,22941,11386,11555,10383,8420,1963,759,507,252,11024,1996,9028,1575,726,849,1,1534,970,564
20,1,5,20285,10036,10249,10668,8606,2062,598,347,251,8261,701,7560,663,219,444,1,1356,729,627
20,1,6,19416,9657,9759,10821,8570,2251,548,316,232,7306,390,6916,426,97,329,1,1289,697,592
20,1,7,30614,16136,14478,17750,14449,3301,774,453,321,10926,625,10301,397,82,315,1,1938,1062,876
20,1,8,18848,9919,8929,9964,8211,1753,314,176,138,7842,1104,6738,141,58,83,1,1042,604,438
20,1,9,12657,5807,6850,3920,2900,1020,173,105,68,8125,2572,5553,129,38,91,1,612,335,277
20,1,10,5970,2752,3218,1189,890,299,52,27,25,4556,1717,2839,49,20,29,1,225,145,80
20,1,11,2115,910,1205,296,191,105,3,1,2,1767,685,1082,11,2,9,1,52,34,18
8,0,0,158214,83081,75133,3637,1945,1692,266,137,129,152547,80092,72455,974,532,442,2,2030,1044,986
8,0,1,160465,85319,75146,11464,5994,5470,989,535,454,143582,76753,66829,1591,851,740,2,5419,2572,2847
8,0,2,138904,75188,63716,42001,23707,18294,3747,2203,1544,86158,46328,39830,7355,4632,2723,2,10745,5153,5592
8,0,3,129797,68249,61548,77298,44824,32474,4775,2884,1891,39745,18102,21643,6470,4309,2161,2,12754,5323,7431
8,0,4,116740,59679,57061,85368,50759,34609,3748,1932,1816,20107,4994,15113,2674,1421,1253,2,11265,3926,7339
8,0,5,104484,52307,52177,81313,47450,33863,2852,1330,1522,13533,1852,11681,970,336,634,2,9638,3005,6633
8,0,6,97763,49052,48711,77555,45180,32375,2519,1071,1448,11372,1275,10097,648,169,479,2,8836,2597,6239
8,0,7,159899,81349,78550,126390,75192,51198,3248,1453,1795,19889,2194,17695,807,188,619,2,13620,3963,9657
8,0,8,110645,56257,54388,82299,50389,31910,1729,812,917,19125,3081,16044,468,146,322,2,9221,2787,6434
8,0,9,90177,40126,50051,50385,29337,21048,1053,437,616,32496,8499,23997,608,205,403,2,7296,2290,5006
8,0,10,43186,20128,23058,15673,10397,5276,302,145,157,24834,8558,16276,268,104,164,2,2679,1173,1506
8,0,11,13589,6359,7230,4050,2489,1561,97,50,47,8875,3585,5290,73,39,34,2,664,285,379
8,1,0,51676,27818,23858,523,314,209,37,21,16,50806,27302,23504,283,152,131,2,347,202,145
8,1,1,57563,31276,26287,1460,1065,395,100,68,32,55504,29870,25634,598,371,227,2,599,341,258
8,1,2,57904,30320,27584,6441,5302,1139,471,358,113,50135,24107,26028,3097,2099,998,2,1328,911,417
8,1,3,56318,28639,27679,15173,12745,2428,835,625,210,39186,14532,24654,5143,3093,2050,2,1959,1362,597
8,1,4,49504,24966,24538,22158,18718,3440,702,516,186,25351,4920,20431,2898,1476,1422,2,1995,1328,667
8,1,5,43293,21875,21418,22776,19025,3751,547,397,150,18638,1655,16983,1077,408,669,2,1879,1195,684
8,1,6,41000,20361,20639,22292,18183,4109,491,324,167,16968,1166,15802,670,186,484,2,1740,1012,728
8,1,7,67469,35197,32272,37829,31629,6200,650,440,210,26997,1951,25046,707,176,531,2,2643,1617,1026
8,1,8,44361,23403,20958,22401,18864,3537,299,209,90,20498,3632,16866,366,127,239,2,1462,907,555
8,1,9,29589,14104,15485,7083,5644,1439,173,109,64,21612,7966,13646,311,171,140,2,894,494,400
8,1,10,13789,6474,7315,2103,1658,445,46,29,17,11387,4656,6731,107,60,47,2,299,160,139
8,1,11,5411,2351,3060,786,623,163,13,9,4,4504,1655,2849,53,26,27,2,121,73,48
12,0,0,275058,148862,126196,4082,2243,1839,437,233,204,268618,145355,123263,1627,914,713,3,2358,1264,1094
12,0,1,296104,159411,136693,13441,7349,6092,1438,830,608,276429,148936,127493,2949,1699,1250,3,6234,3126,3108
12,0,2,279904,153891,126013,71792,42311,29481,7059,4498,2561,191061,102754,88307,17718,11842,5876,3,17051,8826,8225
12,0,3,268951,145693,123258,149048,91816,57232,11022,7179,3843,96031,42255,53776,16550,11215,5335,3,23872,11622,12250
12,0,4,235329,122679,112650,165936,103122,62814,8789,5130,3659,48627,10706,37921,6798,3653,3145,3,20766,8851,11915
12,0,5,205305,104226,101079,155967,93860,62107,6904,3640,3264,31968,3585,28383,2503,860,1643,3,17370,6781,10589
12,0,6,193388,97194,96194,150656,89004,61652,6117,3051,3066,26811,2352,24459,1698,410,1288,3,15921,5838,10083
12,0,7,318735,163062,155673,247815,149977,97838,8668,4446,4222,45732,4069,41663,2025,494,1531,3,25188,9016,16172
12,0,8,217296,112349,104947,157095,99707,57388,4649,2397,2252,43587,6432,37155,1206,332,874,3,16614,6210,10404
12,0,9,186955,81070,105885,96830,56245,40585,3345,1544,1801,75695,19498,56197,1802,496,1306,3,14430,5327,9103
12,0,10,95779,44367,51412,31110,20853,10257,993,491,502,59194,20875,38319,700,259,441,3,5475,2639,2836
12,0,11,29791,13376,16415,7057,4485,2572,265,139,126,21425,8293,13132,191,91,100,3,1309,598,711
12,1,0,118390,64457,53933,1486,877,609,154,88,66,115941,63064,52877,768,440,328,3,963,516,447
12,1,1,126619,68126,58493,2880,1948,932,350,228,122,122295,65340,56955,1473,897,576,3,1444,838,606
12,1,2,128692,67706,60986,13435,10826,2609,1787,1347,440,111348,54258,57090,8319,5340,2979,3,3909,2622,1287
12,1,3,131582,67421,64161,34122,28422,5700,3317,2610,707,90773,34334,56439,12313,7361,4952,3,6687,4665,2022
12,1,4,118982,60044,58938,51096,42737,8359,3106,2295,811,60785,12574,48211,7211,3798,3413,3,7101,4733,2368
12,1,5,103365,52108,51257,52787,43658,9129,2482,1773,709,44261,4459,39802,3070,1129,1941,3,6317,3991,2326
12,1,6,98332,49560,48772,52807,42954,9853,2282,1535,747,39561,2975,36586,1995,528,1467,3,5964,3631,2333
12,1,7,161112,83976,77136,88795,73676,15119,2915,2027,888,63481,4851,58630,2026,511,1515,3,8836,5449,3387
12,1,8,108581,58198,50383,55809,47129,8680,1462,1014,448,47543,7781,39762,1024,397,627,3,5229,3288,1941
12,1,9,74701,35181,39520,19006,14720,4286,784,468,316,52627,18702,33925,851,341,510,3,3068,1759,1309
12,1,10,36127,17319,18808,5901,4683,1218,236,149,87,29097,11949,17148,260,117,143,3,1129,687,442
12,1,11,14299,6466,7833,2207,1692,515,100,72,28,11679,4532,7147,133,69,64,3,413,242,171
6,0,0,186542,99683,86859,4893,2557,2336,67,36,31,180867,96736,84131,614,328,286,4,782,390,392
6,0,1,213673,112147,101526,9560,4987,4573,431,238,193,201660,106009,95651,1407,801,606,4,2453,1151,1302
6,0,2,201499,107821,93678,50984,27859,23125,3557,2186,1371,141256,75426,65830,9973,6311,3662,4,9259,4536,4723
6,0,3,197590,106149,91441,119042,68781,50261,6631,4264,2367,64120,30411,33709,10830,7377,3453,4,14428,6957,7471
6,0,4,170015,89793,80222,128292,77188,51104,5186,3113,2073,29605,7397,22208,4304,2394,1910,4,12118,5208,6910
6,0,5,143691,73589,70102,115416,67630,47786,4030,2186,1844,18344,2211,16133,1554,553,1001,4,9931,3748,6183
6,0,6,132490,67187,65303,108573,62490,46083,3389,1791,1598,15219,1519,13700,1040,304,736,4,8698,3178,5520
6,0,7,220534,113293,107241,181339,105570,75769,4759,2470,2289,25459,2830,22629,1166,369,797,4,13736,4893,8843
6,0,8,154361,78446,75915,119013,70731,48282,2633,1341,1292,25938,4378,21560,748,238,510,4,9410,3337,6073
6,0,9,135739,61306,74433,78707,45031,33676,1769,845,924,48386,13012,35374,757,278,479,4,8646,3263,5383
6,0,10,68202,32289,35913,23799,15823,7976,475,290,185,41219,14820,26399,321,123,198,4,3184,1646,1538
6,0,11,20943,9626,11317,4112,2632,1480,87,52,35,16195,6650,9545,80,38,42,4,636,344,292
6,1,0,49980,26943,23037,1166,642,524,31,14,17,48697,26243,22454,161,93,68,4,117,58,59
6,1,1,55856,29607,26249,1954,1195,759,98,61,37,53647,28255,25392,452,302,150,4,255,157,98
6,1,2,54863,28859,26004,6898,5360,1538,681,562,119,46584,22446,24138,2602,1767,835,4,1381,1053,328
6,1,3,54116,27765,26351,15513,12708,2805,1294,1050,244,36060,13128,22932,4522,2817,1705,4,2543,1929,614
6,1,4,47591,24037,23554,21447,17610,3837,1227,968,259,23503,4500,19003,2649,1532,1117,4,2641,1927,714
6,1,5,41301,20492,20809,21803,17623,4180,1069,800,269,17093,1235,15858,1000,392,608,4,2405,1634,771
6,1,6,39670,19891,19779,22051,17707,4344,880,638,242,15451,780,14671,626,176,450,4,2168,1404,764
6,1,7,64154,33556,30598,37104,30146,6958,1312,916,396,23639,1189,22450,629,158,471,4,3411,2221,1190
6,1,8,42025,22050,19975,22053,18133,3920,660,429,231,17976,2655,15321,354,119,235,4,1996,1262,734
6,1,9,31266,14316,16950,8925,6704,2221,369,213,156,21132,6917,14215,226,108,118,4,1209,695,514
6,1,10,15582,7241,8341,2807,2204,603,110,64,46,12364,4779,7585,60,29,31,4,411,258,153
6,1,11,4953,2120,2833,557,404,153,21,14,7,4324,1665,2659,20,12,8,4,72,51,21
1,0,0,94244,48895,45349,2781,1436,1345,53,35,18,90963,47205,43758,442,241,201,5,500,254,246
1,0,1,112037,57968,54069,4821,2665,2156,322,187,135,105703,54550,51153,908,513,395,5,1513,753,760
1,0,2,109953,57551,52402,21994,13865,8129,2622,1699,923,82535,40640,41895,7064,4226,2838,5,5424,3046,2378
1,0,3,104997,56076,48921,51863,33907,17956,4785,3207,1578,44338,17386,26952,7832,4672,3160,5,8796,4783,4013
1,0,4,91523,48392,43131,59553,39411,20142,3832,2335,1497,24125,5280,18845,3421,1840,1581,5,7845,3701,4144
1,0,5,79232,40769,38463,57250,36628,20622,2798,1552,1246,15575,1472,14103,1150,399,751,5,6407,2669,3738
1,0,6,76016,38818,37198,57334,35637,21697,2525,1330,1195,12779,855,11924,701,182,519,5,5903,2326,3577
1,0,7,128369,66497,61872,97631,61224,36407,3767,1936,1831,21167,1541,19626,798,216,582,5,9571,3732,5839
1,0,8,87220,45550,41670,62669,40685,21984,2084,1102,982,18284,2408,15876,497,138,359,5,6267,2457,3810
1,0,9,69497,31965,37532,37684,23145,14539,1431,713,718,26691,6694,19997,437,130,307,5,5122,2126,2996
1,0,10,35432,16903,18529,12555,8730,3825,424,232,192,20907,7176,13731,190,80,110,5,1970,997,973
1,0,11,10809,5203,5606,2373,1642,731,81,47,34,8062,3355,4707,46,16,30,5,374,206,168
1,1,0,61370,32290,29080,1477,807,670,9,6,3,59781,31426,28355,214,111,103,5,112,57,55
1,1,1,69979,36180,33799,2348,1422,926,89,77,12,67345,34559,32786,724,493,231,5,286,199,87
1,1,2,71530,36933,34597,9250,7642,1608,764,671,93,60839,28109,32730,4145,2670,1475,5,1441,1182,259
1,1,3,71237,36602,34635,20668,17803,2865,1363,1159,204,48150,16829,31321,6562,3680,2882,5,2419,1970,449
1,1,4,62530,31620,30910,27998,23700,4298,1296,1038,258,32038,6031,26007,4280,2075,2205,5,2494,1889,605
1,1,5,55851,28195,27656,29963,24824,5139,1020,778,242,23695,1831,21864,1877,635,1242,5,2193,1540,653
1,1,6,54301,27131,27170,30911,24807,6104,892,635,257,21384,1038,20346,1125,273,852,5,2006,1286,720
1,1,7,89431,46336,43095,52510,42554,9956,1243,893,350,33891,1803,32088,1094,262,832,5,3030,1979,1051
1,1,8,58576,30911,27665,30931,25753,5178,666,489,177,25851,3939,21912,454,177,277,5,1794,1219,575
1,1,9,40614,19573,21041,11222,8738,2484,338,230,108,28346,10156,18190,316,163,153,5,1046,679,367
1,1,10,19124,9128,9996,3166,2486,680,84,64,20,15610,6404,9206,98,52,46,5,348,238,110
1,1,11,6660,2871,3789,745,562,183,20,13,7,5837,2252,3585,31,17,14,5,78,57,21
33,0,0,92542,48893,43649,2642,1449,1193,54,27,27,89521,47238,42283,388,200,188,6,379,206,173
33,0,1,108554,57399,51155,5225,2709,2516,356,203,153,101945,53994,47951,942,516,426,6,1384,696,688
33,0,2,99468,53978,45490,23457,13056,10401,2792,1653,1139,70637,38153,32484,6931,4262,2669,6,5374,2769,2605
33,0,3,92118,50446,41672,52548,30466,22082,5227,3278,1949,30617,15380,15237,6403,4325,2078,6,8953,4600,4353
33,0,4,80034,41604,38430,57563,34036,23527,4379,2518,1861,14563,3904,10659,2479,1392,1087,6,7908,3664,4244
33,0,5,71142,35653,35489,55078,31904,23174,3535,1778,1757,9463,1138,8325,1023,343,680,6,6601,2611,3990
33,0,6,67990,34486,33504,54050,31265,22785,3381,1640,1741,7627,739,6888,627,187,440,6,6313,2482,3831
33,0,7,107946,56195,51751,86805,51514,35291,4539,2275,2264,11956,1112,10844,760,160,600,6,9185,3569,5616
33,0,8,70680,35690,34990,53122,31822,21300,2607,1221,1386,11521,1626,9895,532,138,394,6,6037,2242,3795
33,0,9,63856,28935,34921,36312,21277,15035,1896,929,967,22243,5511,16732,562,181,381,6,5301,2147,3154
33,0,10,30904,14859,16045,11007,7490,3517,544,345,199,17855,6221,11634,230,92,138,6,2042,1148,894
33,0,11,10636,5040,5596,2266,1460,806,112,66,46,7914,3326,4588,58,36,22,6,456,254,202
33,1,0,20227,10705,9522,609,343,266,8,3,5,19563,10331,9232,68,39,29,6,55,31,24
33,1,1,22831,11814,11017,951,540,411,38,30,8,21761,11204,10557,215,134,81,6,119,70,49
33,1,2,21791,11296,10495,2863,2221,642,322,270,52,18349,8639,9710,1215,754,461,6,579,436,143
33,1,3,20519,10645,9874,6095,4997,1098,566,460,106,13487,4942,8545,1764,1070,694,6,937,706,231
33,1,4,17961,8935,9026,8060,6638,1422,550,420,130,8903,1612,7291,997,512,485,6,998,685,313
33,1,5,16298,8086,8212,8458,6955,1503,491,355,136,6925,540,6385,485,177,308,6,915,591,324
33,1,6,15336,7808,7528,8568,6995,1573,446,328,118,5941,295,5646,270,63,207,6,827,518,309
33,1,7,23713,12796,10917,13918,11552,2366,614,444,170,8572,443,8129,266,42,224,6,1223,801,422
33,1,8,14491,7592,6899,7652,6360,1292,301,209,92,6175,816,5359,107,38,69,6,664,416,248
33,1,9,11917,5472,6445,3621,2791,830,196,134,62,7762,2367,5395,101,32,69,6,534,314,220
33,1,10,5536,2593,2943,1082,852,230,47,31,16,4290,1639,2651,38,15,23,6,164,102,62
33,1,11,2165,905,1260,249,192,57,13,9,4,1880,690,1190,13,6,7,6,36,23,13
2,0,0,151716,78321,73395,771,410,361,124,76,48,150276,77569,72707,652,330,322,7,669,342,327
2,0,1,188147,96366,91781,3371,2007,1364,873,483,390,181521,92754,88767,1657,901,756,7,3255,1605,1650
2,0,2,185783,95883,89900,32191,21250,10941,7923,4786,3137,138624,66640,71984,16647,9005,7642,7,14968,7993,6975
2,0,3,176132,92027,84105,75324,52859,22465,12492,8008,4484,79939,27986,51953,18096,8952,9144,7,20869,11182,9687
2,0,4,148265,77429,70836,88345,61247,27098,9410,5639,3771,43091,8281,34810,8457,3310,5147,7,16829,7901,8928
2,0,5,133346,68406,64940,91934,60522,31412,7512,3715,3797,26816,2435,24381,3315,916,2399,7,14596,5449,9147
2,0,6,129963,65548,64415,94995,59717,35278,6419,2972,3447,21566,1280,20286,2094,363,1731,7,13402,4551,8851
2,0,7,222341,116391,105950,166699,106917,59782,8924,4013,4911,34374,2373,32001,2209,383,1826,7,21268,7101,14167
2,0,8,145889,77259,68630,103084,69280,33804,4531,2069,2462,29349,3383,25966,1161,228,933,7,13456,4596,8860
2,0,9,125226,57983,67243,66919,42552,24367,2972,1346,1626,46633,11023,35610,1226,363,863,7,11674,4408,7266
2,0,10,69277,34979,34298,23411,17547,5864,963,573,390,40867,14714,26153,483,169,314,7,4999,2718,2281
2,0,11,21559,11102,10457,4017,2992,1025,180,96,84,16549,7535,9014,126,53,73,7,993,575,418
2,1,0,81058,42279,38779,369,222,147,57,37,20,80388,41888,38500,376,219,157,7,301,169,132
2,1,1,96430,49811,46619,1222,911,311,246,181,65,94522,48456,46066,1107,692,415,7,686,444,242
2,1,2,100367,51641,48726,9180,8046,1134,1557,1282,275,88474,41514,46960,8140,5025,3115,7,2713,2081,632
2,1,3,102133,52074,50059,25115,21820,3295,3027,2435,592,72161,26544,45617,13317,7424,5893,7,4857,3710,1147
2,1,4,90450,45036,45414,36880,31213,5667,2816,2223,593,48541,10122,38419,8498,3885,4613,7,5029,3701,1328
2,1,5,82550,41196,41354,42171,34943,7228,2457,1811,646,35797,3203,32594,3784,1199,2585,7,4582,3050,1532
2,1,6,80390,40097,40293,44151,35613,8538,2324,1607,717,31764,1704,30060,2258,447,1811,7,4475,2780,1695
2,1,7,134959,70372,64587,78027,63251,14776,3182,2240,942,49977,2785,47192,2275,501,1774,7,6955,4336,2619
2,1,8,86232,45862,40370,45451,38091,7360,1547,1078,469,36869,5282,31587,896,272,624,7,3912,2489,1423
2,1,9,63222,30723,32499,17173,13867,3306,867,587,280,43598,15279,28319,821,334,487,7,2451,1577,874
2,1,10,30827,15344,15483,5145,4393,752,229,167,62,24858,10351,14507,221,115,106,7,824,600,224
2,1,11,11033,5235,5798,1257,1059,198,68,49,19,9569,4035,5534,76,49,27,7,207,141,66
32,0,0,65204,33666,31538,230,132,98,47,22,25,64795,33450,31345,240,116,124,8,179,84,95
32,0,1,79525,41119,38406,1073,684,389,233,136,97,77592,39974,37618,709,395,314,8,860,461,399
32,0,2,81770,42466,39304,13630,9608,4022,3043,1967,1076,62572,29657,32915,8152,4310,3842,8,5568,3201,2367
32,0,3,82583,43314,39269,36692,25476,11216,5256,3525,1731,36625,12905,23720,9791,4971,4820,8,9266,4933,4333
32,0,4,74232,38941,35291,47236,31310,15926,3954,2391,1563,19113,4187,14926,4630,2108,2522,8,7883,3444,4439
32,0,5,65645,33758,31887,49256,30662,18594,2822,1346,1476,10019,991,9028,1585,445,1140,8,6370,2105,4265
32,0,6,65611,33358,32253,52147,31247,20900,2485,1019,1466,7528,497,7031,838,121,717,8,5936,1614,4322
32,0,7,110435,57420,53015,89219,53918,35301,3425,1406,2019,11897,936,10961,806,173,633,8,9319,2566,6753
32,0,8,74583,39562,35021,57128,36359,20769,1668,719,949,11331,1499,9832,450,118,332,8,6124,1704,4420
32,0,9,66568,30541,36027,38287,22830,15457,1375,555,820,21987,5762,16225,429,132,297,8,6294,1949,4345
32,0,10,36952,19021,17931,12853,9499,3354,415,248,167,21385,8056,13329,212,87,125,8,2714,1466,1248
32,0,11,11054,5748,5306,1773,1373,400,70,41,29,8856,4113,4743,48,23,25,8,425,262,163
32,1,0,30955,16276,14679,87,55,32,12,5,7,30816,16197,14619,145,85,60,8,52,24,28
32,1,1,36095,18942,17153,270,184,86,61,38,23,35676,18669,17007,396,228,168,8,149,89,60
32,1,2,37878,19583,18295,2617,2197,420,590,463,127,34241,16649,17592,3612,2109,1503,8,1020,737,283
32,1,3,41213,20303,20910,8739,7386,1353,1286,1021,265,30456,11415,19041,7072,3728,3344,8,2018,1502,516
32,1,4,39071,19573,19498,15724,13111,2613,1549,1163,386,20862,4735,16127,5063,2378,2685,8,2485,1727,758
32,1,5,35367,17842,17525,18648,15061,3587,1322,890,432,14397,1358,13039,2163,705,1458,8,2322,1423,899
32,1,6,34781,17344,17437,19834,15450,4384,1339,795,544,12503,631,11872,1207,273,934,8,2444,1263,1181
32,1,7,58388,30470,27918,34878,27663,7215,1753,1044,709,20020,948,19072,1020,207,813,8,3490,1859,1631
32,1,8,37342,20105,17237,20209,16622,3587,826,505,321,15188,2433,12755,402,145,257,8,1945,1050,895
32,1,9,26148,12661,13487,6530,4981,1549,443,266,177,18376,7001,11375,255,113,142,8,1242,679,563
32,1,10,13073,6370,6703,1889,1534,355,117,69,48,10803,4587,6216,78,38,40,8,381,249,132
32,1,11,4387,1996,2391,331,275,56,27,18,9,3984,1674,2310,22,12,10,8,72,47,25
18,0,0,117201,60362,56839,916,481,435,77,33,44,115770,59641,56129,700,396,304,9,515,240,275
18,0,1,136067,69339,66728,2631,1570,1061,429,253,176,131530,66804,64726,1319,756,563,9,1906,965,941
18,0,2,142104,73329,68775,24797,16800,7997,5597,3567,2030,107162,50745,56417,11842,6673,5169,9,10145,5784,4361
18,0,3,147420,77086,70334,65088,44810,20278,10808,7069,3739,64195,22449,41746,15724,8278,7446,9,18137,9827,8310
18,0,4,130802,68194,62608,79199,53325,25874,8840,5411,3429,35690,7061,28629,7717,3343,4374,9,15913,7808,8105
18,0,5,115949,61132,54817,82590,53683,28907,6696,3530,3166,20228,2019,18209,2908,793,2115,9,13131,5430,7701
18,0,6,109140,56969,52171,82794,51317,31477,5825,2817,3008,14541,1184,13357,1555,328,1227,9,11805,4468,7337
18,0,7,178247,93513,84734,137952,85029,52923,8150,3786,4364,21938,1881,20057,1516,342,1174,9,18357,6603,11754
18,0,8,114690,60223,54467,84002,53069,30933,4010,1914,2096,19265,3094,16171,875,256,619,9,11423,4060,7363
18,0,9,96962,43553,53409,51798,30244,21554,2450,1074,1376,35340,9854,25486,906,358,548,9,9824,3455,6369
18,0,10,50159,24846,25313,16661,11932,4729,605,340,265,29963,11059,18904,370,137,233,9,3535,1855,1680
18,0,11,15943,8027,7916,2971,2152,819,164,94,70,12212,5451,6761,92,42,50,9,760,424,336
18,1,0,245482,128228,117254,1518,874,644,261,148,113,242432,126557,115875,1242,656,586,9,1532,797,735
18,1,1,274209,142118,132091,4033,2892,1141,544,333,211,267828,137924,129904,2585,1531,1054,9,2348,1302,1046
18,1,2,286852,149512,137340,27183,22475,4708,3551,2570,981,252581,122201,130380,22021,13069,8952,9,7088,4836,2252
18,1,3,322843,163093,159750,86725,71999,14726,7624,5530,2094,222261,81488,140773,41412,22051,19361,9,13857,9606,4251
18,1,4,306785,153675,153110,138571,113793,24778,7531,5250,2281,153492,30194,123298,27421,11792,15629,9,14722,9688,5034
18,1,5,275191,140066,135125,152564,122817,29747,5738,3643,2095,110107,9887,100220,12167,3452,8715,9,12520,7362,5158
18,1,6,258568,130065,128503,151529,118040,33489,4936,2935,2001,95195,5566,89629,7297,1378,5919,9,11844,6459,5385
18,1,7,424726,219903,204823,256183,201160,55023,6577,4038,2539,150922,9196,141726,6510,1382,5128,9,17621,9547,8074
18,1,8,265041,141197,123844,145368,119069,26299,2533,1640,893,110729,16917,93812,2574,915,1659,9,8944,5211,3733
18,1,9,167758,81884,85874,41102,31968,9134,1212,685,527,121614,47159,74455,1791,905,886,9,5042,2757,2285
18,1,10,78125,37093,41032,11039,8793,2246,276,162,114,65395,27289,38106,492,238,254,9,1691,1011,680
18,1,11,29789,13360,16429,3264,2598,666,98,62,36,26007,10445,15562,194,70,124,9,518,317,201
4,0,0,77244,39521,37723,688,353,335,87,48,39,75895,38825,37070,587,281,306,10,661,343,318
4,0,1,92538,47152,45386,1405,824,581,430,237,193,89526,45524,44002,1012,501,511,10,1607,804,803
4,0,2,91965,46928,45037,10505,6896,3609,5824,3525,2299,72256,34922,37334,9226,5074,4152,10,9204,5110,4094
4,0,3,91549,47350,44199,34440,20937,13503,16649,9290,7359,33206,14615,18591,11460,6126,5334,10,23903,11798,12105
4,0,4,79871,41761,38110,43063,26718,16345,15033,8030,7003,14302,4724,9578,4976,2443,2533,10,22506,10319,12187
4,0,5,71279,36671,34608,43931,26945,16986,12853,6405,6448,7868,1478,6390,2069,719,1350,10,19480,8248,11232
4,0,6,68585,34987,33598,44652,26974,17678,11399,5398,6001,5842,722,5120,1141,261,880,10,18091,7291,10800
4,0,7,123611,62428,61183,81961,48727,33234,18427,8422,10005,10139,1475,8664,1306,340,966,10,31511,12226,19285
4,0,8,87749,44458,43291,53456,33266,20190,10739,5133,5606,12567,2529,10038,962,264,698,10,21726,8663,13063
4,0,9,65523,28782,36741,25156,15195,9961,5064,2407,2657,26681,7920,18761,970,314,656,10,13686,5667,8019
4,0,10,28939,12979,15960,5750,4038,1712,993,550,443,19700,7073,12627,397,168,229,10,3489,1868,1621
4,0,11,7755,3570,4185,1140,764,376,225,137,88,5950,2424,3526,83,33,50,10,665,382,283
4,1,0,17363,8974,8389,101,57,44,16,8,8,17178,8869,8309,171,82,89,10,84,48,36
4,1,1,21297,10968,10329,215,128,87,47,26,21,20931,10756,10175,398,213,185,10,151,84,67
4,1,2,21755,11225,10530,1112,868,244,446,329,117,19941,9869,10072,2609,1458,1151,10,702,488,214
4,1,3,22835,11337,11498,3935,3096,839,1175,780,395,17108,7123,9985,5084,2725,2359,10,1792,1118,674
4,1,4,21230,10627,10603,7645,6071,1574,1431,897,534,11411,3279,8132,3597,1776,1821,10,2174,1277,897
4,1,5,19372,9601,9771,9243,7201,2042,1407,855,552,7927,1202,6725,1754,658,1096,10,2202,1198,1004
4,1,6,18799,9496,9303,10092,7758,2334,1285,718,567,6542,623,5919,941,247,694,10,2165,1115,1050
4,1,7,31474,16194,15280,18277,13684,4593,1871,1034,837,9833,827,9006,700,184,516,10,3364,1683,1681
4,1,8,20945,10908,10037,10891,8505,2386,872,484,388,8228,1479,6749,317,104,213,10,1826,924,902
4,1,9,13943,6400,7543,2695,1873,822,403,199,204,10239,4041,6198,273,132,141,10,1009,486,523
4,1,10,5961,2749,3212,686,512,174,75,45,30,5025,2102,2923,78,33,45,10,250,135,115
4,1,11,1939,791,1148,196,140,56,22,11,11,1672,613,1059,16,4,12,10,71,38,33
10,0,0,91206,46283,44923,1076,552,524,82,40,42,89489,45396,44093,439,210,229,11,641,335,306
10,0,1,110592,56144,54448,2107,1180,927,441,258,183,106393,53900,52493,846,437,409,11,2092,1064,1028
10,0,2,111323,56010,55313,12067,7635,4432,7611,4472,3139,85071,41017,44054,9305,4850,4455,11,14185,7358,6827
10,0,3,102960,52345,50615,35866,22211,13655,19525,11127,8398,35226,14995,20231,10570,5625,4945,11,31868,15139,16729
10,0,4,87407,45003,42404,44006,27866,16140,16770,9222,7548,15148,4376,10772,4402,2069,2333,11,28253,12761,15492
10,0,5,81282,40787,40495,46745,29307,17438,14378,7073,7305,9242,1296,7946,1971,540,1431,11,25295,10184,15111
10,0,6,80636,40748,39888,48817,30261,18556,13585,6553,7032,7478,851,6627,1247,271,976,11,24341,9636,14705
10,0,7,142111,71045,71066,87222,53605,33617,21462,10308,11154,13001,1446,11555,1592,308,1284,11,41888,15994,25894
10,0,8,98725,49202,49523,56104,36057,20047,11047,5609,5438,15313,2402,12911,997,233,764,11,27308,10743,16565
10,0,9,69269,30888,38381,26124,16857,9267,4499,2426,2073,27436,7154,20282,802,226,576,11,15709,6877,8832
10,0,10,28767,12800,15967,5866,4215,1651,800,481,319,18949,6469,12480,252,87,165,11,3952,2116,1836
10,0,11,7482,3251,4231,1055,696,359,178,98,80,5751,2192,3559,53,20,33,11,676,363,313
10,1,0,17519,8987,8532,273,128,145,13,5,8,17163,8818,8345,130,66,64,11,83,41,42
10,1,1,21071,11042,10029,488,300,188,61,36,25,20390,10636,9754,218,128,90,11,193,106,87
10,1,2,21301,10990,10311,1713,1242,471,442,303,139,18762,9220,9542,1747,974,773,11,826,528,298
10,1,3,22019,10977,11042,5083,3823,1260,970,668,302,15143,6047,9096,3460,1767,1693,11,1793,1107,686
10,1,4,20084,9795,10289,7755,6053,1702,994,680,314,10292,2451,7841,2380,1084,1296,11,2037,1291,746
10,1,5,18974,9488,9486,9331,7349,1982,936,610,326,7626,941,6685,1138,394,744,11,2017,1198,819
10,1,6,18316,9174,9142,9790,7484,2306,839,545,294,6521,528,5993,629,162,467,11,2005,1162,843
10,1,7,30589,15752,14837,17276,13276,4000,1121,661,460,10246,780,9466,568,147,421,11,3067,1696,1371
10,1,8,19796,9929,9867,10082,7886,2196,495,287,208,8053,1162,6891,230,74,156,11,1661,881,780
10,1,9,12953,5977,6976,3349,2480,869,206,132,74,8704,2993,5711,131,68,63,11,900,504,396
10,1,10,5424,2411,3013,809,612,197,35,22,13,4379,1658,2721,25,11,14,11,236,141,95
10,1,11,1695,683,1012,209,161,48,18,14,4,1431,486,945,18,5,13,11,55,36,19
9,0,0,86175,44015,42160,3357,1738,1619,233,123,110,81647,41712,39935,413,213,200,12,1171,565,606
9,0,1,105517,54184,51333,6279,3174,3105,1018,490,528,95381,49227,46154,898,461,437,12,3857,1783,2074
9,0,2,104184,52564,51620,21654,11599,10055,10439,5317,5122,64444,32484,31960,12188,6564,5624,12,18086,8481,9605
9,0,3,91066,46251,44815,39813,22631,17182,18265,9840,8425,23168,10477,12691,7710,4299,3411,12,28085,13143,14942
9,0,4,78747,40377,38370,44228,26822,17406,15144,7759,7385,10936,3030,7906,3264,1462,1802,12,23583,10525,13058
9,0,5,68036,34276,33760,41869,25365,16504,11903,5722,6181,6851,984,5867,1527,425,1102,12,19316,7927,11389
9,0,6,68919,34333,34586,44258,26403,17855,11203,5044,6159,5812,627,5185,1124,238,886,12,18849,7303,11546
9,0,7,116230,59011,57219,76364,46052,30312,17357,7820,9537,8660,945,7715,1252,250,1002,12,31206,12014,19192
9,0,8,72999,37428,35571,46052,28573,17479,9164,4239,4925,8066,1281,6785,870,185,685,12,18881,7574,11307
9,0,9,55245,25160,30085,25358,15340,10018,4771,2256,2515,16480,4224,12256,1044,305,739,12,13407,5596,7811
9,0,10,22990,10947,12043,6825,4656,2169,1130,629,501,12250,4101,8149,380,127,253,12,3915,2190,1725
9,0,11,6905,3220,3685,1450,937,513,213,126,87,4663,1832,2831,45,23,22,12,792,451,341
9,1,0,9444,4998,4446,242,136,106,12,8,4,9164,4842,4322,105,55,50,12,38,20,18
9,1,1,12047,6172,5875,416,222,194,33,20,13,11542,5892,5650,309,139,170,12,89,58,31
9,1,2,12425,6362,6063,903,599,304,303,185,118,11054,5479,5575,1790,979,811,12,468,284,184
9,1,3,11707,5884,5823,2461,1814,647,717,514,203,8128,3352,4776,2655,1437,1218,12,1118,718,400
9,1,4,10588,5194,5394,4097,3141,956,881,584,297,5126,1212,3914,1529,707,822,12,1365,841,524
9,1,5,10113,4905,5208,4862,3693,1169,815,547,268,3846,365,3481,795,207,588,12,1405,847,558
9,1,6,10119,5050,5069,5383,4103,1280,763,471,292,3353,202,3151,469,91,378,12,1383,745,638
9,1,7,16031,8546,7485,9416,7265,2151,1045,634,411,4660,220,4440,377,56,321,12,1955,1061,894
9,1,8,8655,4812,3843,4735,3788,947,421,272,149,2945,482,2463,141,48,93,12,975,542,433
9,1,9,5472,2449,3023,1365,956,409,259,147,112,3456,1148,2308,108,32,76,12,651,345,306
9,1,10,2432,1076,1356,411,292,119,64,30,34,1822,665,1157,21,8,13,12,199,119,80
9,1,11,820,351,469,103,82,21,8,5,3,683,247,436,12,6,6,12,34,22,12
7,0,0,112899,57538,55361,837,418,419,206,107,99,111274,56730,54544,707,350,357,13,788,390,398
7,0,1,134674,69190,65484,2472,1420,1052,807,410,397,129922,66666,63256,1519,805,714,13,2280,1104,1176
7,0,2,138749,71145,67604,22180,13444,8736,11569,6710,4859,99125,48483,50642,15186,8579,6607,13,17444,9218,8226
7,0,3,135461,69948,65513,59749,35394,24355,23273,13022,10251,42845,18592,24253,13539,7583,5956,13,32867,15962,16905
7,0,4,120454,61864,58590,72667,44285,28382,19019,9535,9484,19665,5622,14043,5739,2798,2941,13,28122,11957,16165
7,0,5,109075,56371,52704,73677,45277,28400,16125,7403,8722,11250,1713,9537,2298,773,1525,13,24148,9381,14767
7,0,6,106696,54525,52171,75125,45319,29806,14714,6376,8338,8767,947,7820,1254,302,952,13,22804,8259,14545
7,0,7,179299,92466,86833,128548,77547,51001,22527,9825,12702,13605,1638,11967,1561,360,1201,13,37146,13281,23865
7,0,8,120005,61529,58476,81606,50382,31224,12163,5328,6835,14142,2522,11620,1140,285,855,13,24257,8625,15632
7,0,9,96434,43625,52809,46086,27715,18371,7113,3094,4019,31802,8978,22824,1410,429,981,13,18546,6932,11614
7,0,10,46661,22714,23947,13640,9651,3989,1770,999,771,27091,9913,17178,587,195,392,13,5930,3150,2780
7,0,11,13413,6568,6845,2431,1671,760,339,181,158,9927,4330,5597,107,53,54,13,1055,567,488
7,1,0,58462,30605,27857,340,164,176,62,33,29,57831,30288,27543,395,221,174,13,291,153,138
7,1,1,69638,36659,32979,794,519,275,127,83,44,68379,35879,32500,809,473,336,13,465,261,204
7,1,2,75294,38946,36348,4513,3614,899,1294,932,362,68621,33866,34755,6753,4107,2646,13,2160,1466,694
7,1,3,81863,40850,41013,15659,12841,2818,3156,2320,836,61184,24524,36660,13340,7719,5621,13,5020,3485,1535
7,1,4,72882,36642,36240,27214,22677,4537,3275,2368,907,40010,10165,29845,8569,4540,4029,13,5658,3800,1858
7,1,5,65268,33318,31950,32504,26770,5734,2905,1990,915,27492,3277,24215,3803,1498,2305,13,5272,3271,2001
7,1,6,62906,31061,31845,33396,26752,6644,2554,1577,977,24582,1600,22982,1993,452,1541,13,4928,2709,2219
7,1,7,106646,55092,51554,60123,48928,11195,3358,2023,1335,39260,2264,36996,1723,342,1381,13,7263,3900,3363
7,1,8,67206,37246,29960,37151,31647,5504,1353,840,513,26454,3557,22897,691,217,474,13,3601,2042,1559
7,1,9,37650,18593,19057,8409,6515,1894,640,339,301,27281,11040,16241,538,240,298,13,1960,1038,922
7,1,10,16239,7481,8758,2082,1637,445,164,94,70,13556,5497,8059,166,61,105,13,601,347,254
7,1,11,6111,2633,3478,595,470,125,52,32,20,5364,2067,3297,62,32,30,13,152,96,56
34,0,0,193063,99843,93220,5667,3000,2667,182,89,93,186532,96428,90104,846,461,385,14,864,415,449
34,0,1,232038,120784,111254,12705,6624,6081,1029,555,474,215778,112490,103288,2095,1149,946,14,3555,1670,1885
34,0,2,225069,119778,105291,60600,35497,25103,7871,4840,3031,148823,76046,72777,17659,10833,6826,14,15646,8235,7411
34,0,3,204881,108145,96736,115210,68545,46665,11955,7422,4533,68125,28792,39333,15361,9319,6042,14,21546,10808,10738
34,0,4,183506,94860,88646,130546,78426,52120,9804,5354,4450,34208,8397,25811,6542,3364,3178,14,18752,8037,10715
34,0,5,160470,82073,78397,125148,73811,51337,7459,3706,3753,20056,2483,17573,2445,890,1555,14,15266,5779,9487
34,0,6,153144,77459,75685,123777,71120,52657,6388,3017,3371,15868,1479,14389,1459,376,1083,14,13499,4860,8639
34,0,7,246423,127039,119384,200330,117385,82945,8747,4004,4743,25195,2420,22775,1667,440,1227,14,20898,7234,13664
34,0,8,160610,81236,79374,123944,73545,50399,4764,2137,2627,23029,3173,19856,1050,301,749,14,13637,4518,9119
34,0,9,136718,62710,74008,81526,47524,34002,3355,1578,1777,42961,10537,32424,1195,392,803,14,12231,4649,7582
34,0,10,64415,31067,33348,25055,16847,8208,940,545,395,34864,11855,23009,456,183,273,14,4496,2365,2131
34,0,11,20217,9601,10616,4839,3202,1637,214,118,96,14438,5872,8566,109,51,58,14,940,527,413
34,1,0,49445,26109,23336,1192,649,543,27,13,14,48095,25382,22713,315,169,146,14,158,78,80
34,1,1,58266,30611,27655,1805,1088,717,71,44,27,56204,29373,26831,699,448,251,14,257,150,107
34,1,2,58069,29713,28356,6007,4578,1429,655,520,135,50872,24244,26628,4183,2691,1492,14,1190,891,299
34,1,3,57831,28801,29030,14607,11884,2723,1411,1111,300,40771,15094,25677,7420,4191,3229,14,2453,1823,630
34,1,4,53438,26122,27316,22524,18398,4126,1486,1126,360,28193,5780,22413,4707,2356,2351,14,2721,1944,777
34,1,5,48821,24107,24714,25615,20659,4956,1272,910,362,20595,1770,18825,2042,738,1304,14,2611,1678,933
34,1,6,47965,23979,23986,27429,21630,5799,1145,769,376,18072,857,17215,1216,278,938,14,2464,1492,972
34,1,7,76435,40465,35970,45952,37135,8817,1588,1037,551,26928,1230,25698,992,214,778,14,3555,2100,1455
34,1,8,47240,24947,22293,25357,20935,4422,718,487,231,19938,2757,17181,470,139,331,14,1945,1255,690
34,1,9,33953,16067,17886,9424,7124,2300,458,291,167,23288,8221,15067,299,109,190,14,1241,722,519
34,1,10,15300,7213,8087,2695,2039,656,130,84,46,12187,4904,7283,134,59,75,14,418,270,148
34,1,11,5360,2372,2988,653,514,139,18,11,7,4637,1816,2821,39,15,24,14,70,42,28
19,0,0,254011,131821,122190,2950,1536,1414,197,117,80,249896,129713,120183,1270,668,602,15,1165,572,593
19,0,1,275026,143665,131361,12424,7038,5386,1196,634,562,258205,134521,123684,2846,1560,1286,15,4397,2106,2291
19,0,2,258696,143316,115380,74652,46984,27668,7047,4309,2738,168571,88619,79952,16828,10118,6710,15,15473,7713,7760
19,0,3,232966,124982,107984,138646,83791,54855,9853,5391,4462,73634,32779,40855,14030,8921,5109,15,20686,8412,12274
19,0,4,199572,101757,97815,144684,87367,57317,8079,3954,4125,36881,8090,28791,5568,2790,2778,15,18007,6300,11707
19,0,5,175955,88808,87147,135415,81091,54324,6517,2980,3537,25300,2843,22457,2317,718,1599,15,15240,4874,10366
19,0,6,162044,81532,80512,127653,75485,52168,5709,2489,3220,20595,1798,18797,1565,368,1197,15,13796,4249,9547
19,0,7,241035,124283,116752,191395,115848,75547,7750,3240,4510,30083,2562,27521,1731,365,1366,15,19557,5873,13684
19,0,8,155591,76152,79439,115288,68999,46289,4279,1795,2484,27450,3348,24102,1164,270,894,15,12853,3805,9048
19,0,9,155671,71977,83694,88005,54529,33476,3459,1564,1895,55380,12998,42382,1632,406,1226,15,12286,4450,7836
19,0,10,66181,31174,35007,23133,16389,6744,803,474,329,39337,12874,26463,570,191,379,15,3711,1911,1800
19,0,11,26810,11397,15413,5299,3580,1719,185,90,95,20531,7344,13187,110,50,60,15,980,473,507
19,1,0,92194,48645,43549,870,485,385,259,163,96,90456,47657,42799,721,384,337,15,868,503,365
19,1,1,99750,52422,47328,2606,1839,767,496,300,196,95668,49727,45941,1520,882,638,15,1476,856,620
19,1,2,98348,51344,47004,12563,10193,2370,1856,1365,491,82024,38581,43443,8034,4916,3118,15,3761,2570,1191
19,1,3,95806,49495,46311,26712,21868,4844,2843,2131,712,63612,23850,39762,11097,6565,4532,15,5482,3777,1705
19,1,4,82544,41890,40654,36064,29402,6662,2659,1924,735,41160,8957,32203,6308,3294,3014,15,5320,3531,1789
19,1,5,70273,35741,34532,36945,29746,7199,2148,1519,629,28685,3022,25663,2511,984,1527,15,4643,2973,1670
19,1,6,64892,33449,31443,36357,29098,7259,1933,1293,640,24323,1793,22530,1542,433,1109,15,4212,2558,1654
19,1,7,94936,50353,44583,54928,44465,10463,2375,1593,782,34324,2435,31889,1427,346,1081,15,5684,3453,2231
19,1,8,59010,31081,27929,30676,25157,5519,1097,674,423,25247,4115,21132,714,196,518,15,3087,1809,1278
19,1,9,45611,21313,24298,12956,10036,2920,718,442,276,30570,10065,20505,661,310,351,15,2085,1212,873
19,1,10,19073,8967,10106,3454,2792,662,223,149,74,14948,5764,9184,184,89,95,15,671,411,260
19,1,11,7880,3233,4647,936,738,198,73,48,25,6748,2374,4374,59,28,31,15,196,121,75
11,0,0,104199,54456,49743,3105,1642,1463,77,42,35,100635,52591,48044,476,261,215,16,459,223,236
11,0,1,110513,57773,52740,6817,3568,3249,464,242,222,102057,53458,48599,950,537,413,16,1639,747,892
11,0,2,100086,56802,43284,31768,19004,12764,2313,1410,903,62958,35123,27835,5872,3759,2113,16,5360,2675,2685
11,0,3,90710,48613,42097,58094,32782,25312,3226,1798,1428,25390,12777,12613,4724,3312,1412,16,7226,3054,4172
11,0,4,79261,39956,39305,60940,34742,26198,2536,1223,1313,12149,2932,9217,1647,955,692,16,6172,2282,3890
11,0,5,71474,35610,35864,57723,32748,24975,2042,874,1168,8499,1096,7403,705,265,440,16,5252,1766,3486
11,0,6,67208,33643,33565,55346,31266,24080,1811,768,1043,7032,775,6257,448,123,325,16,4830,1602,3228
11,0,7,99564,51545,48019,82519,48195,34324,2165,940,1225,10211,1153,9058,550,172,378,16,6834,2197,4637
11,0,8,66437,32041,34396,51482,29103,22379,1321,499,822,10240,1521,8719,329,82,247,16,4715,1417,3298
11,0,9,67415,31216,36199,41379,24242,17137,1034,477,557,21631,5379,16252,527,170,357,16,4405,1595,2810
11,0,10,29937,14301,15636,11572,7843,3729,282,158,124,16864,5721,11143,185,75,110,16,1501,737,764
11,0,11,11833,5253,6580,2517,1590,927,68,38,30,8907,3449,5458,44,20,24,16,409,214,195
11,1,0,18832,9865,8967,609,340,269,10,4,6,18121,9472,8649,84,55,29,16,102,53,49
11,1,1,20991,11146,9845,990,650,340,49,38,11,19791,10355,9436,196,129,67,16,210,141,69
11,1,2,19862,10487,9375,3183,2556,627,258,203,55,16102,7486,8616,1194,772,422,16,577,445,132
11,1,3,17602,9115,8487,5417,4524,893,393,304,89,11332,3961,7371,1561,946,615,16,853,630,223
11,1,4,14828,7508,7320,6667,5558,1109,314,228,86,7368,1379,5989,861,452,409,16,793,571,222
11,1,5,13107,6320,6787,6591,5436,1155,254,172,82,5814,401,5413,288,119,169,16,702,483,219
11,1,6,12479,6367,6112,6931,5673,1258,242,143,99,4891,278,4613,175,49,126,16,657,416,241
11,1,7,18073,9671,8402,10429,8658,1771,321,214,107,6684,381,6303,191,47,144,16,960,632,328
11,1,8,10957,5642,5315,5680,4721,959,158,87,71,4750,603,4147,99,31,68,16,527,318,209
11,1,9,9484,4223,5261,2963,2270,693,119,63,56,6144,1726,4418,89,29,60,16,377,227,150
11,1,10,4115,1877,2238,919,725,194,30,18,12,3090,1081,2009,28,13,15,16,106,71,35
11,1,11,1650,703,947,219,167,52,9,7,2,1398,511,887,11,8,3,16,33,25,8
23,0,0,130305,68157,62148,1276,681,595,50,23,27,128362,67132,61230,689,356,333,17,667,344,323
23,0,1,137830,72135,65695,5859,3259,2600,339,196,143,129973,67939,62034,1296,680,616,17,1998,937,1061
23,0,2,128900,72598,56302,42519,25961,16558,2066,1318,748,80590,43890,36700,6476,4159,2317,17,5791,2747,3044
23,0,3,115666,61933,53733,76694,44030,32664,2513,1446,1067,32454,15304,17150,5441,3613,1828,17,6518,2599,3919
23,0,4,98375,50336,48039,78567,45607,32960,1828,891,937,14548,3113,11435,1654,845,809,17,5260,1616,3644
23,0,5,88263,43844,44419,73554,41416,32138,1432,604,828,10138,1181,8957,719,217,502,17,4571,1247,3324
23,0,6,83237,41224,42013,70778,39449,31329,1224,514,710,8428,725,7703,462,98,364,17,4031,1050,2981
23,0,7,127337,65504,61833,108225,62619,45606,1767,741,1026,12979,1290,11689,585,121,464,17,6133,1595,4538
23,0,8,82109,40198,41911,64815,37147,27668,1031,438,593,13073,1925,11148,426,107,319,17,4221,1126,3095
23,0,9,90088,40943,49145,55531,32146,23385,969,400,569,30009,7332,22677,538,138,400,17,4548,1465,3083
23,0,10,39137,18851,20286,15076,10235,4841,257,132,125,22546,7891,14655,215,89,126,17,1515,725,790
23,0,11,15508,6779,8729,3530,2270,1260,75,47,28,11530,4284,7246,66,39,27,17,448,225,223
23,1,0,58621,30534,28087,691,377,314,100,59,41,57547,29953,27594,483,248,235,17,383,204,179
23,1,1,62529,32376,30153,1868,1315,553,289,184,105,59837,30582,29255,1030,613,417,17,824,479,345
23,1,2,60491,31985,28506,8719,7175,1544,1067,785,282,49592,23278,26314,4872,3046,1826,17,2180,1532,648
23,1,3,57921,29653,28268,16687,13702,2985,1377,1021,356,38386,14035,24351,5943,3515,2428,17,2848,1916,932
23,1,4,48627,24537,24090,21365,17490,3875,1146,783,363,24576,5342,19234,3275,1758,1517,17,2686,1705,981
23,1,5,40925,20503,20422,21349,17190,4159,999,635,364,17168,1878,15290,1368,550,818,17,2408,1435,973
23,1,6,38275,19416,18859,21306,17077,4229,851,491,360,14799,1135,13664,811,250,561,17,2170,1204,966
23,1,7,58449,30339,28110,33379,26928,6451,1129,667,462,21931,1640,20291,683,163,520,17,3139,1771,1368
23,1,8,37685,19355,18330,19346,15817,3529,535,308,227,16551,2543,14008,434,111,323,17,1788,995,793
23,1,9,31102,14190,16912,9127,6813,2314,401,220,181,20559,6601,13958,413,197,216,17,1416,776,640
23,1,10,12679,5863,6816,2461,2002,459,92,64,28,9816,3599,6217,112,54,58,17,402,262,140
23,1,11,5147,2148,2999,708,545,163,30,21,9,4326,1533,2793,45,22,23,17,113,70,43
13,0,0,165243,86972,78271,2249,1197,1052,100,51,49,161924,85234,76690,765,389,376,18,1070,541,529
13,0,1,167862,88936,78926,7119,3807,3312,514,238,276,157348,83531,73817,1428,820,608,18,3395,1598,1797
13,0,2,152907,86551,66356,48058,27992,20066,3284,2078,1206,95653,53958,41695,7519,5166,2353,18,9196,4601,4595
13,0,3,145973,77493,68480,98051,55085,42966,4037,2467,1570,37865,18089,19776,5765,4073,1692,18,10057,4319,5738
13,0,4,125616,64268,61348,100055,57527,42528,2801,1486,1315,17605,3913,13692,1946,1067,879,18,7956,2828,5128
13,0,5,108550,55300,53250,90200,51540,38660,2247,1064,1183,11764,1550,10214,770,268,502,18,6586,2210,4376
13,0,6,98746,49235,49511,83195,46305,36890,1893,862,1031,9717,1118,8599,478,145,333,18,5834,1812,4022
13,0,7,153007,78470,74537,128321,73744,54577,2511,1108,1403,16007,2041,13966,676,220,456,18,8679,2685,5994
13,0,8,102151,50253,51898,79352,45495,33857,1448,604,844,16585,2900,13685,413,142,271,18,6214,1858,4356
13,0,9,111442,49880,61562,68027,38110,29917,1380,612,768,36550,9468,27082,561,188,373,18,6865,2302,4563
13,0,10,53425,26066,27359,21089,14310,6779,443,244,199,29681,10488,19193,298,125,173,18,2655,1268,1387
13,0,11,21444,9264,12180,5621,3412,2209,141,76,65,15085,5512,9573,104,47,57,18,738,340,398
13,1,0,38359,20144,18215,391,228,163,146,69,77,37448,19627,17821,238,135,103,18,520,289,231
13,1,1,39614,20811,18803,1043,736,307,244,143,101,37740,19608,18132,577,351,226,18,831,467,364
13,1,2,38916,20496,18420,5560,4526,1034,771,571,200,31635,14806,16829,2882,1756,1126,18,1721,1164,557
13,1,3,39218,20072,19146,12567,10351,2216,1086,779,307,24255,8125,16130,3256,1806,1450,18,2396,1596,800
13,1,4,33873,17282,16591,16074,13070,3004,956,690,266,15510,2746,12764,1790,814,976,18,2289,1466,823
13,1,5,28618,14406,14212,15215,12070,3145,718,482,236,11508,1186,10322,773,251,522,18,1895,1150,745
13,1,6,26257,13424,12833,14690,11621,3069,623,409,214,9848,804,9044,507,152,355,18,1719,999,720
13,1,7,39658,20935,18723,22613,18203,4410,804,512,292,14605,1316,13289,444,113,331,18,2440,1416,1024
13,1,8,23673,12397,11276,12348,10016,2332,387,238,149,10004,1646,8358,255,99,156,18,1321,735,586
13,1,9,18202,8321,9881,5504,4241,1263,265,147,118,11736,3555,8181,251,95,156,18,962,525,437
13,1,10,7824,3563,4261,1533,1182,351,70,41,29,5973,2184,3789,77,33,44,18,318,197,121
13,1,11,3318,1353,1965,469,359,110,22,14,8,2723,918,1805,29,13,16,18,126,76,50
3,0,0,215179,114012,101167,1566,878,688,143,69,74,212110,112365,99745,686,354,332,19,1503,769,734
3,0,1,224321,119777,104544,8334,4527,3807,777,456,321,210460,112450,98010,1568,893,675,19,5527,2800,2727
3,0,2,211996,118579,93417,62469,36351,26118,4279,2836,1443,137444,76027,61417,10049,6879,3170,19,12083,6201,5882
3,0,3,199743,106990,92753,131724,76743,54981,5182,3374,1808,55589,24782,30807,8194,5569,2625,19,12430,5465,6965
3,0,4,167673,87508,80165,133669,80109,53560,3328,1822,1506,24886,4335,20551,2532,1211,1321,19,9118,3064,6054
3,0,5,142973,72158,70815,118819,68648,50171,2469,1188,1281,16935,1446,15489,1073,302,771,19,7219,2064,5155
3,0,6,133603,67588,66015,113353,64864,48489,2059,960,1099,13770,997,12773,642,159,483,19,6480,1727,4753
3,0,7,203270,104930,98340,171758,100634,71124,2691,1166,1525,21862,1853,20009,742,211,531,19,9650,2443,7207
3,0,8,131944,65668,66276,103829,60913,42916,1473,650,823,21507,3086,18421,465,134,331,19,6608,1669,4939
3,0,9,134539,59137,75402,82157,45892,36265,1100,465,635,45246,11030,34216,521,192,329,19,7136,2215,4921
3,0,10,67372,32910,34462,27216,18559,8657,400,195,205,37041,12872,24169,229,101,128,19,3115,1479,1636
3,0,11,25336,11090,14246,5652,3650,2002,80,44,36,18917,7067,11850,96,45,51,19,767,373,394
3,1,0,161230,85989,75241,1217,718,499,291,156,135,158670,84535,74135,948,517,431,19,1343,736,607
3,1,1,162829,87155,75674,3011,2130,881,533,320,213,157908,83961,73947,1909,1141,768,19,1910,1064,846
3,1,2,158169,83355,74814,18335,15054,3281,1964,1390,574,135473,65421,70052,10339,6332,4007,19,4361,2880,1481
3,1,3,174155,85961,88194,52160,42922,9238,3655,2511,1144,114549,38358,76191,14857,7884,6973,19,7446,4681,2765
3,1,4,158954,79828,79126,77026,63679,13347,3122,2079,1043,74855,11943,62912,8418,3535,4883,19,7073,4206,2867
3,1,5,133544,68949,64595,76080,61968,14112,2245,1391,854,51907,3978,47929,3648,1083,2565,19,5557,3003,2554
3,1,6,121260,62693,58567,71948,57640,14308,1923,1206,717,44263,2381,41882,2116,445,1671,19,5049,2672,2377
3,1,7,175121,95483,79638,106484,87711,18773,2340,1473,867,61759,3968,57791,1996,502,1494,19,6878,3804,3074
3,1,8,100174,53508,46666,52582,43695,8887,958,582,376,44087,7822,36265,928,386,542,19,3505,1991,1514
3,1,9,69674,33038,36636,17758,13920,3838,590,361,229,49653,17882,31771,719,332,387,19,2263,1236,1027
3,1,10,30183,14380,15803,4689,3835,854,168,109,59,24760,10109,14651,206,78,128,19,734,436,298
3,1,11,12710,5408,7302,1717,1342,375,67,41,26,10715,3919,6796,99,47,52,19,278,147,131
21,0,0,358414,188634,169780,11307,5990,5317,295,152,143,344776,181453,163323,1342,711,631,20,2331,1191,1140
21,0,1,382361,200683,181678,26784,13925,12859,1654,856,798,346436,182427,164009,3013,1617,1396,20,9141,4331,4810
21,0,2,344433,182039,162394,109839,58385,51454,8714,4813,3901,211204,112851,98353,16329,10254,6075,20,23390,10803,12587
21,0,3,336021,172847,163174,224016,121872,102144,11536,6694,4842,84945,39757,45188,15334,9871,5463,20,27060,11218,15842
21,0,4,301607,157092,144515,241945,139919,102026,8338,4589,3749,37763,8979,28784,5200,2813,2387,20,21899,8194,13705
21,0,5,254487,130974,123513,213781,122432,91349,5595,2746,2849,23996,3075,20921,1988,680,1308,20,16710,5467,11243
21,0,6,231323,118382,112941,196743,111702,85041,4634,2211,2423,19937,2125,17812,1219,384,835,20,14643,4555,10088
21,0,7,366188,187466,178722,309735,177472,132263,5718,2600,3118,34244,3593,30651,1376,409,967,20,22209,6401,15808
21,0,8,247667,125112,122555,194677,114325,80352,3257,1485,1772,36729,5968,30761,714,263,451,20,16261,4819,11442
21,0,9,203139,91666,111473,116224,66146,50078,1723,808,915,73523,20845,52678,831,306,525,20,13392,4675,8717
21,0,10,95980,46200,49780,33285,22073,11212,376,210,166,57896,21681,36215,305,121,184,20,4799,2446,2353
21,0,11,29721,13810,15911,6511,4053,2458,135,71,64,22251,9262,12989,102,57,45,20,959,495,464
21,1,0,239210,127189,112021,3877,2056,1821,79,53,26,234320,124593,109727,855,493,362,20,1013,540,473
21,1,1,249900,132532,117368,7741,5099,2642,329,214,115,240380,126405,113975,2391,1575,816,20,1779,1028,751
21,1,2,250200,132479,117721,37234,30394,6840,2281,1633,648,207012,98122,108890,15200,9691,5509,20,5954,3963,1991
21,1,3,275874,141590,134284,94928,79343,15585,4256,3112,1144,170550,55175,115375,23656,12844,10812,20,10396,7072,3324
21,1,4,257152,131684,125468,130523,108127,22396,3785,2645,1140,115906,16539,99367,13652,5547,8105,20,10723,7018,3705
21,1,5,219951,114557,105394,127033,103601,23432,2824,1844,980,83970,5528,78442,6106,1515,4591,20,8948,5428,3520
21,1,6,194349,100446,93903,116265,92569,23696,2336,1423,913,70344,3478,66866,3555,683,2872,20,7740,4399,3341
21,1,7,300954,159074,141880,179950,146368,33582,2559,1627,932,110253,6349,103904,3121,762,2359,20,10751,6357,4394
21,1,8,186331,99134,87197,98774,82368,16406,1056,677,379,81878,13291,68587,1168,456,712,20,5679,3475,2204
21,1,9,117081,56648,60433,28036,21565,6471,452,254,198,86237,33514,52723,682,332,350,20,2808,1569,1239
21,1,10,50574,23945,26629,7316,5696,1620,89,50,39,42404,17731,24673,202,90,112,20,854,518,336
21,1,11,17976,7695,10281,2192,1671,521,35,23,12,15558,5883,9675,78,31,47,20,226,141,85
31,0,0,273427,139554,133873,3392,1738,1654,449,237,212,267591,136552,131039,1426,717,709,21,2444,1264,1180
31,0,1,271491,140467,131024,10424,5459,4965,2285,1137,1148,253440,131516,121924,3370,1832,1538,21,7627,3492,4135
31,0,2,238288,124648,113640,54006,32446,21560,14929,8357,6572,156389,78427,77962,24863,14419,10444,21,27893,13775,14118
31,0,3,254861,130064,124797,116985,76986,39999,24342,14150,10192,94343,31835,62508,25046,13094,11952,21,43533,21243,22290
31,0,4,231322,121652,109670,132133,92459,39674,21118,12726,8392,59769,9589,50180,11941,4500,7441,21,39420,19604,19816
31,0,5,193960,100874,93086,118836,81913,36923,15848,8965,6883,42691,3990,38701,5618,1424,4194,21,32433,14971,17462
31,0,6,179578,92693,86885,112866,76271,36595,14182,7816,6366,36494,2861,33633,3862,803,3059,21,30218,13561,16657
31,0,7,282926,144722,138204,175717,118085,57632,19626,11026,8600,59469,5311,54158,4551,1111,3440,21,47740,21326,26414
31,0,8,181508,91664,89844,102101,69993,32108,9381,5305,4076,49681,8112,41569,2267,709,1558,21,29726,13559,16167
31,0,9,115358,52973,62385,43507,29028,14479,3940,2226,1714,55070,15873,39197,1591,559,1032,21,16781,8072,8709
31,0,10,45158,20001,25157,10295,7312,2983,779,468,311,30356,10275,20081,415,144,271,21,4507,2414,2093
31,0,11,15365,6777,8588,2796,1897,899,251,145,106,11485,4273,7212,115,51,64,21,1084,607,477
31,1,0,709112,374014,335098,9018,5377,3641,1514,821,693,691348,364022,327326,4367,2364,2003,21,8746,4615,4131
31,1,1,723390,383039,340351,19075,13156,5919,2264,1307,957,693271,363882,329389,7755,4586,3169,21,11044,6001,5043
31,1,2,738944,406136,332808,111286,89493,21793,8214,5440,2774,604063,301745,302318,48756,30029,18727,21,23595,14898,8697
31,1,3,892659,481922,410737,357993,283407,74586,15698,10567,5131,491118,170655,320463,74460,40456,34004,21,43548,27860,15688
31,1,4,925644,492463,433181,512317,407651,104666,12261,8069,4192,370733,58262,312471,42460,17107,25353,21,42594,26550,16044
31,1,5,797667,432716,364951,472944,384743,88201,8028,5133,2895,290466,27269,263197,18946,5897,13049,21,34257,20704,13553
31,1,6,714877,386341,328536,431341,349116,82225,6445,4138,2307,253646,19692,233954,12419,3353,9066,21,29890,17533,12357
31,1,7,1072880,581857,491023,640165,523439,116726,7613,5184,2429,391157,33414,357743,12630,4300,8330,21,41558,25004,16554
31,1,8,668915,366935,301980,350530,293366,57164,3237,2228,1009,294507,58793,235714,6431,3282,3149,21,23878,14776,9102
31,1,9,356374,188143,168231,90985,75271,15714,1389,910,479,254295,106109,148186,3569,1941,1628,21,11094,6763,4331
31,1,10,137184,68222,68962,20554,16508,4046,418,252,166,113013,49504,63509,998,492,506,21,3617,2210,1407
31,1,11,60059,27808,32251,12275,9725,2550,255,149,106,46018,17083,28935,509,246,263,21,1766,1000,766
17,1,0,701121,368863,332258,7240,4195,3045,1233,652,581,687222,361173,326049,4263,2293,1970,22,6659,3495,3164
17,1,1,767735,406821,360914,17777,12246,5531,2032,1192,840,740733,389597,351136,7908,4550,3358,22,9225,4978,4247
17,1,2,834831,462660,372171,122512,96783,25729,8426,5668,2758,690497,351855,338642,60248,37159,23089,22,21822,14022,7800
17,1,3,999427,563925,435502,435644,342106,93538,16028,11050,4978,524750,196050,328700,87868,49281,38587,22,39033,25769,13264
17,1,4,985170,541602,443568,587153,460579,126574,11547,7858,3689,365327,60401,304926,46526,19449,27077,22,32690,20622,12068
17,1,5,837047,455539,381508,519143,414516,104627,6825,4713,2112,293929,26667,267262,20715,6965,13750,22,23975,14356,9619
17,1,6,764467,408670,355797,473896,377709,96187,5472,3635,1837,269463,18989,250474,14711,4304,10407,22,21108,11972,9136
17,1,7,1210487,645903,564584,738338,595463,142875,6778,4673,2105,441466,32964,408502,15691,5240,10451,22,30683,17476,13207
17,1,8,807948,434656,373292,433945,359380,74565,2972,2122,850,355602,64367,291235,7300,3626,3674,22,18401,10909,7492
17,1,9,477255,244753,232502,125702,104798,20904,1202,783,419,342053,134227,207826,4872,2577,2295,22,9500,5728,3772
17,1,10,208133,103472,104661,29092,23700,5392,309,197,112,175779,77845,97934,1120,587,533,22,3262,1927,1335
17,1,11,82230,37913,44317,12721,10019,2702,211,124,87,68048,27091,40957,519,228,291,22,1461,803,658
16,1,0,208264,108793,99471,2635,1558,1077,439,225,214,203544,106164,97380,1535,818,717,23,2085,1071,1014
16,1,1,230713,122365,108348,6635,4813,1822,712,396,316,221163,115989,105174,2778,1622,1156,23,2915,1563,1352
16,1,2,265548,150557,114991,45124,37878,7246,2698,1807,891,213727,108318,105409,20293,12487,7806,23,6697,4361,2336
16,1,3,334119,198073,136046,151970,123336,28634,5485,3642,1843,169331,66323,103008,32983,18492,14491,23,12818,8414,4404
16,1,4,325168,186723,138445,195941,156636,39305,4172,2792,1380,118070,22984,95086,18557,8089,10468,23,11157,7103,4054
16,1,5,272932,153652,119280,170064,137533,32531,2593,1761,832,94484,10915,83569,8889,3258,5631,23,8384,5204,3180
16,1,6,250947,138227,112720,156427,126073,30354,1966,1273,693,87400,8014,79386,6228,2050,4178,23,7120,4140,2980
16,1,7,409707,221104,188603,250072,200750,49322,2342,1539,803,148734,14140,134594,6689,2516,4173,23,10901,6214,4687
16,1,8,284542,153587,130955,154532,125403,29129,965,636,329,123364,24335,99029,3312,1577,1735,23,6646,3849,2797
16,1,9,174053,86922,87131,49048,39940,9108,434,257,177,121403,44914,76489,1991,997,994,23,3602,2068,1534
16,1,10,85549,39715,45834,14062,11238,2824,119,62,57,69989,27677,42312,533,247,286,23,1498,800,698
16,1,11,39099,17246,21853,6191,4920,1271,90,54,36,32217,11952,20265,263,116,147,23,691,374,317
25,0,0,140119,72036,68083,1893,990,903,195,104,91,137053,70431,66622,771,397,374,24,1173,615,558
25,0,1,159424,81946,77478,3869,2229,1640,797,433,364,152780,78307,74473,1906,1021,885,24,2775,1410,1365
25,0,2,155325,80635,74690,20840,13905,6935,6741,4092,2649,122250,60102,62148,18830,11033,7797,24,12235,6628,5607
25,0,3,155038,78999,76039,56116,40570,15546,12757,8277,4480,76440,26035,50405,20632,11129,9503,24,22482,12394,10088
25,0,4,143521,73751,69770,71839,53514,18325,11692,7631,4061,49219,8186,41033,9585,3920,5665,24,22463,12051,10412
25,0,5,125468,63407,62061,69151,50029,19122,9414,5745,3669,36117,3584,32533,4493,1330,3163,24,20200,9794,10406
25,0,6,121621,60767,60854,69452,48860,20592,8532,5051,3481,32266,2545,29721,3131,749,2382,24,19903,9362,10541
25,0,7,199596,100011,99585,115344,80335,35009,11768,7234,4534,51956,4504,47452,3315,934,2381,24,32296,15172,17124
25,0,8,141878,70494,71384,74906,52436,22470,5737,3528,2209,45153,7301,37852,1801,600,1201,24,21819,10757,11062
25,0,9,107656,49122,58534,38468,26142,12326,2554,1591,963,55590,15990,39600,1411,554,857,24,13598,6990,6608
25,0,10,54635,24944,29691,12317,9017,3300,651,428,223,37672,13186,24486,436,164,272,24,4646,2741,1905
25,0,11,19798,9017,10781,3088,2247,841,188,115,73,15622,6131,9491,125,55,70,24,1088,639,449
25,1,0,81293,43259,38034,1350,746,604,220,120,100,78994,41985,37009,456,254,202,24,949,528,421
25,1,1,83753,44208,39545,2278,1424,854,322,184,138,80199,42112,38087,816,490,326,24,1276,672,604
25,1,2,84255,45030,39225,8938,6996,1942,1359,900,459,72322,36130,36192,6347,3771,2576,24,2995,1904,1091
25,1,3,98255,50248,48007,31473,24728,6745,2793,1826,967,60725,21762,38963,11883,6446,5437,24,6057,3758,2299
25,1,4,100415,50228,50187,50183,39994,10189,2220,1450,770,44339,6616,37723,6357,2414,3943,24,5893,3618,2275
25,1,5,90201,46386,43815,50090,40934,9156,1530,994,536,35281,2641,32640,2673,718,1955,24,4830,2811,2019
25,1,6,83569,42987,40582,47607,38683,8924,1177,774,403,31555,1787,29768,1683,325,1358,24,4407,2517,1890
25,1,7,127884,69139,58745,74691,62130,12561,1398,973,425,46747,3181,43566,1627,500,1127,24,6446,3828,2618
25,1,8,75432,41865,33567,39481,33526,5955,580,396,184,32386,6148,26238,657,307,350,24,3565,2191,1374
25,1,9,39504,20186,19318,9243,7546,1697,250,173,77,28636,11631,17005,364,193,171,24,1625,1009,616
25,1,10,16656,7933,8723,2263,1823,440,49,32,17,13898,5809,8089,97,45,52,24,495,301,194
25,1,11,7182,3233,3949,1145,883,262,30,21,9,5849,2243,3606,58,32,26,24,188,107,81
24,0,0,309054,164974,144080,5763,3103,2660,267,164,103,301454,160879,140575,1401,745,656,25,1837,992,845
24,0,1,336345,177424,158921,12334,6738,5596,765,441,324,319781,168548,151233,2677,1492,1185,25,4230,2138,2092
24,0,2,343011,183074,159937,68810,41706,27104,5289,3441,1848,259628,133583,126045,25607,16169,9438,25,14573,7785,6788
24,0,3,375152,194713,180439,195696,124376,71320,10340,7055,3285,155003,57950,97053,30061,17514,12547,25,24453,12387,12066
24,0,4,335023,175796,159227,233688,153860,79828,6990,4366,2624,81550,13169,68381,11469,4793,6676,25,19785,8767,11018
24,0,5,276117,143632,132485,209376,133184,76192,4374,2527,1847,51553,4583,46970,4180,1155,3025,25,15188,5865,9323
24,0,6,258449,130702,127747,201984,122263,79721,3785,2060,1725,41973,3366,38607,2786,632,2154,25,14492,5073,9419
24,0,7,423206,216788,206418,332842,203190,129652,4654,2503,2151,68080,6079,62001,2955,766,2189,25,22284,7519,14765
24,0,8,290939,147990,142949,216026,133154,82872,2237,1166,1071,59560,9732,49828,1290,448,842,25,15353,5104,10249
24,0,9,237775,110566,127209,137318,81030,56288,1300,641,659,87715,25039,62676,1162,391,771,25,12742,4497,8245
24,0,10,124857,63398,61459,48821,34009,14812,378,216,162,70803,26725,44078,481,182,299,25,5233,2664,2569
24,0,11,46361,22544,23817,10642,7286,3356,115,73,42,34474,14584,19890,175,93,82,25,1245,674,571
24,1,0,452676,240880,211796,4821,2685,2136,552,293,259,444297,236317,207980,2136,1120,1016,25,3558,1878,1680
24,1,1,451570,239705,211865,10392,6855,3537,972,551,421,436595,230334,206261,3763,2184,1579,25,4583,2516,2067
24,1,2,476353,255623,220730,63902,51012,12890,4669,3321,1348,400165,196332,203833,27428,16850,10578,25,12286,8279,4007
24,1,3,652867,342915,309952,245859,194541,51318,11067,7745,3322,380184,130758,249426,53992,28667,25325,25,26824,17616,9208
24,1,4,662995,345318,317677,376945,291599,85346,8439,5595,2844,261683,38868,222815,31265,11982,19283,25,24367,14851,9516
24,1,5,543741,291331,252410,340585,265673,74912,5194,3226,1968,185141,15333,169808,12917,3502,9415,25,18015,10325,7690
24,1,6,454921,240757,214164,290660,222105,68555,4009,2477,1532,149609,10509,139100,7788,1910,5878,25,14652,8143,6509
24,1,7,667731,349619,318112,413348,319466,93882,4665,3073,1592,234266,18996,215270,7441,2398,5043,25,20117,11157,8960
24,1,8,438727,228073,210654,230332,183574,46758,1944,1285,659,196977,37809,159168,3019,1378,1641,25,11418,6690,4728
24,1,9,277706,139467,138239,64968,50350,14618,869,555,314,206498,85529,120969,2298,1190,1108,25,6240,3588,2652
24,1,10,120532,59248,61284,16340,12671,3669,228,147,81,102070,45317,56753,622,323,299,25,2122,1260,862
24,1,11,49235,22885,26350,6727,5125,1602,120,74,46,41677,17275,24402,279,126,153,25,831,485,346
0,0,0,324846,175534,149312,4203,2308,1895,264,148,116,318540,172094,146446,1482,800,682,26,2103,1132,971
0,0,1,359231,191788,167443,12244,6382,5862,879,490,389,341467,182563,158904,2872,1611,1261,26,5520,2843,2677
0,0,2,345397,186250,159147,81854,44228,37626,6235,3830,2405,247902,133960,113942,22037,14027,8010,26,15641,8062,7579
0,0,3,345132,179614,165518,205975,114052,91923,9945,6323,3622,118425,55575,62850,25711,16131,9580,26,20732,9987,10745
0,0,4,296142,152470,143672,229343,133753,95590,6973,4059,2914,50501,11863,38638,8622,4282,4340,26,16298,6854,9444
0,0,5,257219,129195,128024,211688,120218,91470,4777,2450,2327,32468,4113,28355,3058,932,2126,26,13063,4864,8199
0,0,6,248204,123508,124696,208486,116540,91946,3927,1899,2028,27915,2868,25047,2112,461,1651,26,11803,4100,7703
0,0,7,409653,210108,199545,343687,198291,145396,5209,2559,2650,47634,5450,42184,2318,631,1687,26,18332,6367,11965
0,0,8,281550,141883,139667,222492,129642,92850,2791,1262,1529,46478,8092,38386,1475,438,1037,26,12580,4149,8431
0,0,9,252225,114928,137297,152654,85856,66798,1898,819,1079,87204,24821,62383,1499,524,975,26,12367,4251,8116
0,0,10,129714,65290,64424,50404,34368,16036,620,335,285,73925,28228,45697,620,253,367,26,5385,2694,2691
0,0,11,47748,22571,25177,10865,7029,3836,176,100,76,35536,14841,20695,213,110,103,26,1347,701,646
0,1,0,78619,42374,36245,644,378,266,81,50,31,77602,41781,35821,348,165,183,26,373,215,158
0,1,1,85571,45966,39605,1675,1124,551,188,102,86,83212,44449,38763,681,387,294,26,684,393,291
0,1,2,87802,46300,41502,10005,7852,2153,974,704,270,75355,36799,38556,5727,3447,2280,26,2442,1649,793
0,1,3,95042,48319,46723,30221,23802,6419,1962,1407,555,60233,21532,38701,9505,5082,4423,26,4588,2985,1603
0,1,4,84520,42925,41595,43544,34468,9076,1551,1020,531,36723,5908,30815,4559,1880,2679,26,4253,2549,1704
0,1,5,72466,36630,35836,42617,32781,9836,1124,704,420,26297,1965,24332,1817,487,1330,26,3552,1884,1668
0,1,6,67647,33696,33951,41078,30676,10402,965,592,373,23246,1330,21916,1238,257,981,26,3323,1690,1633
0,1,7,111056,56856,54200,67534,51842,15692,1192,741,451,38664,2474,36190,1313,328,985,26,4858,2540,2318
0,1,8,72698,38506,34192,40619,32163,8456,513,306,207,29307,4825,24482,490,182,308,26,2772,1518,1254
0,1,9,49430,23066,26364,15069,11022,4047,306,166,140,32684,11208,21476,419,154,265,26,1677,836,841
0,1,10,23292,10938,12354,4476,3456,1020,103,56,47,18226,7148,11078,129,52,77,26,590,334,256
0,1,11,8482,3830,4652,1168,900,268,25,16,9,7139,2840,4299,44,24,20,26,175,90,85
5,0,0,206260,112094,94166,6765,3674,3091,118,64,54,198511,107923,90588,651,361,290,27,984,497,487
5,0,1,212342,113823,98519,11396,5980,5416,505,277,228,197527,106190,91337,1542,874,668,27,3419,1653,1766
5,0,2,201532,114211,87321,54181,30086,24095,3642,2287,1355,137859,79286,58573,11568,7801,3767,27,9492,4839,4653
5,0,3,191568,104873,86695,120932,67574,53358,5741,3548,2193,58566,31682,26884,12643,8681,3962,27,12070,5617,6453
5,0,4,158333,82035,76298,125827,72051,53776,3917,2083,1834,23244,6440,16804,4020,2300,1720,27,9262,3544,5718
5,0,5,138797,69785,69012,116478,65282,51196,3077,1456,1621,14475,1887,12588,1367,553,814,27,7844,2616,5228
5,0,6,132934,65951,66983,113817,62626,51191,2549,1132,1417,12163,1184,10979,811,272,539,27,6954,2141,4813
5,0,7,213669,109037,104632,184291,103891,80400,3519,1529,1990,18941,2017,16924,939,334,605,27,10437,3129,7308
5,0,8,145046,72870,72176,120303,68000,52303,1903,816,1087,17422,2732,14690,478,156,322,27,7321,2138,5183
5,0,9,160903,72720,88183,108051,58595,49456,1875,772,1103,43536,11272,32264,538,170,368,27,9316,2853,6463
5,0,10,80326,40845,39481,35565,23874,11691,497,300,197,41075,15177,25898,265,118,147,27,3686,1794,1892
5,0,11,28900,12891,16009,6547,4162,2385,99,52,47,21537,8303,13234,79,35,44,27,816,426,390
5,1,0,51391,27511,23880,1574,843,731,71,36,35,49589,26549,23040,331,173,158,27,228,119,109
5,1,1,53962,29017,24945,2298,1497,801,169,118,51,51214,27235,23979,707,445,262,27,450,285,165
5,1,2,53278,28392,24886,7244,5624,1620,787,604,183,44505,21663,22842,4753,2853,1900,27,1529,1105,424
5,1,3,53025,27056,25969,15030,12009,3021,1406,1054,352,35230,13176,22054,6678,3830,2848,27,2765,1871,894
5,1,4,45463,23096,22367,20586,16635,3951,1274,940,334,22089,4597,17492,3600,1859,1741,27,2788,1864,924
5,1,5,38521,19380,19141,20667,16435,4232,980,670,310,15422,1447,13975,1456,590,866,27,2432,1498,934
5,1,6,35967,18078,17889,20279,15829,4450,863,585,278,13453,924,12529,907,344,563,27,2235,1325,910
5,1,7,54727,28913,25814,31965,25746,6219,1163,779,384,19629,1322,18307,770,280,490,27,3133,1845,1288
5,1,8,33673,17752,15921,18224,14802,3422,521,315,206,13788,1980,11808,307,128,179,27,1661,970,691
5,1,9,28421,12752,15669,8681,6371,2310,449,260,189,18349,5624,12725,287,109,178,27,1391,757,634
5,1,10,12390,5886,6504,2693,2084,609,121,91,30,9268,3504,5764,109,49,60,27,429,298,131
5,1,11,4777,2079,2698,645,469,176,33,17,16,4019,1540,2479,24,10,14,27,113,70,43
15,0,0,178865,93824,85041,2419,1342,1077,116,67,49,175566,92003,83563,979,536,443,28,880,479,401
15,0,1,193323,101490,91833,6019,3481,2538,264,151,113,185521,97082,88439,1686,945,741,28,1783,927,856
15,0,2,184727,100897,83830,40339,26183,14156,1927,1233,694,138717,71776,66941,8729,5203,3526,28,5671,2938,2733
15,0,3,170648,94778,75870,92592,59488,33104,3431,2227,1204,69047,31144,37903,10908,7097,3811,28,9009,4146,4863
15,0,4,140905,73234,67671,99574,62382,37192,2430,1339,1091,33706,8078,25628,4155,2406,1749,28,7625,2774,4851
15,0,5,124998,62765,62233,95491,57914,37577,1833,873,960,22883,2718,20165,1405,622,783,28,6624,2133,4491
15,0,6,120461,60686,59775,95510,57160,38350,1552,680,872,18887,1743,17144,803,271,532,28,6064,1783,4281
15,0,7,182030,95268,86762,146264,90147,56117,1936,861,1075,26940,2582,24358,731,256,475,28,8826,2539,6287
15,0,8,119339,59760,59579,90664,55431,35233,1043,417,626,22854,2771,20083,436,133,303,28,5821,1558,4263
15,0,9,142047,65673,76374,87583,52748,34835,1100,451,649,47649,10691,36958,601,159,442,28,6815,2234,4581
15,0,10,70366,36484,33882,28828,21524,7304,358,194,164,38871,13654,25217,345,139,206,28,2667,1306,1361
15,0,11,28796,13280,15516,6089,4375,1714,86,33,53,21985,8542,13443,151,60,91,28,722,363,359
15,1,0,62996,33503,29493,637,378,259,64,31,33,61971,32916,29055,411,225,186,28,388,209,179
15,1,1,69832,37494,32338,1664,1216,448,129,79,50,67554,35917,31637,704,398,306,28,614,361,253
15,1,2,67793,35172,32621,7209,5979,1230,627,463,164,58943,28043,30900,3779,2425,1354,28,1641,1150,491
15,1,3,63781,32445,31336,16449,13614,2835,1098,821,277,44681,16985,27696,5344,3128,2216,28,2651,1846,805
15,1,4,53907,27095,26812,23170,19136,4034,991,745,246,28045,6070,21975,3062,1638,1424,28,2692,1889,803
15,1,5,46709,23343,23366,23927,19387,4540,795,571,224,20265,2258,18007,1273,512,761,28,2517,1698,819
15,1,6,44844,22645,22199,24463,19707,4756,740,504,236,18004,1385,16619,734,210,524,28,2377,1553,824
15,1,7,65201,34932,30269,37040,30715,6325,869,617,252,24976,2038,22938,668,210,458,28,3185,2179,1006
15,1,8,39138,21007,18131,20417,17178,3239,469,312,157,16910,2601,14309,333,137,196,28,1811,1228,583
15,1,9,32468,15443,17025,9843,7862,1981,382,231,151,21317,6755,14562,395,118,277,28,1308,826,482
15,1,10,14513,7118,7395,2969,2504,465,83,57,26,11146,4354,6792,127,60,67,28,398,260,138
15,1,11,6562,2949,3613,916,750,166,35,29,6,5485,2084,3401,45,24,21,28,161,115,46
22,0,0,123172,65342,57830,3729,2067,1662,104,60,44,118838,62939,55899,655,338,317,29,605,336,269
22,0,1,137532,72649,64883,6265,3420,2845,282,141,141,129963,68608,61355,1398,811,587,29,1304,621,683
22,0,2,136199,75283,60916,31656,20015,11641,2404,1562,842,99311,52465,46846,11846,7293,4553,29,5232,2803,2429
22,0,3,128631,71311,57320,69559,43849,25710,4062,2663,1399,50445,23074,27371,12169,7633,4536,29,8627,4388,4239
22,0,4,106658,55995,50663,75511,47324,28187,2962,1723,1239,23922,5536,18386,4548,2257,2291,29,7225,3135,4090
22,0,5,90795,45962,44833,69496,41963,27533,2175,1066,1109,15253,1691,13562,1693,525,1168,29,6046,2308,3738
22,0,6,88771,43897,44874,70466,41039,29427,1940,827,1113,12675,1047,11628,1068,228,840,29,5630,1811,3819
22,0,7,143893,74786,69107,115710,70146,45564,2745,1263,1482,19423,1691,17732,1216,253,963,29,8760,2949,5811
22,0,8,96904,48937,47967,74155,44847,29308,1467,641,826,16964,2204,14760,720,170,550,29,5785,1886,3899
22,0,9,113930,51440,62490,71997,40966,31031,1482,582,900,34925,8084,26841,902,249,653,29,7008,2390,4618
22,0,10,61904,32653,29251,27886,19669,8217,572,307,265,30878,11373,19505,379,142,237,29,3140,1611,1529
22,0,11,24323,11693,12630,5864,3948,1916,111,64,47,17675,7327,10348,94,37,57,29,784,418,366
22,1,0,27099,14453,12646,817,450,367,30,12,18,26167,13948,12219,203,112,91,29,115,55,60
22,1,1,30343,16370,13973,1148,650,498,88,62,26,28979,15588,13391,486,281,205,29,216,132,84
22,1,2,29341,15583,13758,3308,2533,775,425,327,98,25177,12444,12733,2998,1680,1318,29,856,606,250
22,1,3,28466,14530,13936,7446,5863,1583,830,606,224,19447,7568,11879,4208,2360,1848,29,1573,1099,474
22,1,4,24638,12389,12249,10351,8323,2028,871,625,246,12521,2867,9654,2358,1197,1161,29,1766,1199,567
22,1,5,20635,10336,10299,10616,8456,2160,729,508,221,8546,946,7600,964,346,618,29,1473,934,539
22,1,6,19496,9769,9727,10621,8358,2263,667,435,232,7428,564,6864,580,159,421,29,1447,847,600
22,1,7,29949,15769,14180,17284,13824,3460,833,535,298,10732,782,9950,599,151,448,29,1933,1163,770
22,1,8,18907,10011,8896,10090,8169,1921,351,226,125,7742,1198,6544,286,69,217,29,1075,644,431
22,1,9,16423,7505,8918,4926,3594,1332,287,148,139,10577,3417,7160,287,79,208,29,920,494,426
22,1,10,7494,3758,3736,1599,1286,313,78,52,26,5586,2271,3315,88,33,55,29,309,201,108
22,1,11,3136,1398,1738,431,304,127,22,14,8,2636,1050,1586,26,17,9,29,69,44,25
30,0,0,271691,144364,127327,2112,1190,922,200,118,82,268348,142504,125844,1217,635,582,30,1231,670,561
30,0,1,296766,158242,138524,7888,4642,3246,691,412,279,285736,151942,133794,2676,1544,1132,30,3142,1658,1484
30,0,2,280262,156606,123656,65682,41534,24148,4056,2678,1378,204634,109935,94699,18644,11835,6809,30,9946,5137,4809
30,0,3,278180,150509,127671,154255,98667,55588,6233,4154,2079,109314,45279,64035,20737,13421,7316,30,14611,6563,8048
30,0,4,230374,119832,110542,165821,105740,60081,4377,2599,1778,52978,9809,43169,7516,3733,3783,30,11575,4283,7292
30,0,5,200627,99817,100810,154850,93596,61254,3217,1647,1570,35915,3202,32713,2736,861,1875,30,9862,3019,6843
30,0,6,195374,96355,99019,155557,91649,63908,2911,1363,1548,30521,2119,28402,1723,403,1320,30,9296,2587,6709
30,0,7,324368,164801,159567,259206,156910,102296,4042,1828,2214,50730,3937,46793,1763,482,1281,30,14432,3954,10478
30,0,8,224032,113486,110546,167747,104528,63219,2140,993,1147,46551,6229,40322,1055,290,765,30,9734,2729,7005
30,0,9,199764,94399,105365,113690,70766,42924,1598,685,913,77028,20682,56346,1095,362,733,30,9046,2951,6095
30,0,10,102790,53049,49741,37551,27343,10208,510,279,231,61614,23878,37736,465,198,267,30,3625,1828,1797
30,0,11,40388,20234,20154,8627,6098,2529,141,90,51,30840,13615,17225,165,87,78,30,921,521,400
30,1,0,121953,64144,57809,840,469,371,136,71,65,120434,63321,57113,746,407,339,30,679,354,325
30,1,1,136474,71762,64712,3085,2101,984,323,197,126,132218,68974,63244,1656,967,689,30,1171,687,484
30,1,2,141064,73982,67082,19980,14864,5116,1443,1060,383,117682,56854,60828,10154,6335,3819,30,3402,2264,1138
30,1,3,144242,72987,71255,49459,37318,12141,2346,1703,643,89479,32174,57305,14604,8209,6395,30,5304,3495,1809
30,1,4,124538,62755,61783,65669,49542,16127,1963,1388,575,53696,9951,43745,7600,3669,3931,30,5173,3262,1911
30,1,5,105274,52205,53069,63656,46335,17321,1404,926,478,37364,3461,33903,3070,1109,1961,30,4254,2409,1845
30,1,6,100321,48620,51701,62268,44244,18024,1162,729,433,34166,2348,31818,1945,553,1392,30,3887,2028,1859
30,1,7,163936,82067,81869,101982,74660,27322,1580,1022,558,55936,4176,51760,1971,662,1309,30,6018,3231,2787
30,1,8,113664,57893,55771,63527,47814,15713,790,533,257,46360,7975,38385,979,467,512,30,3777,2104,1673
30,1,9,78519,37320,41199,24468,17838,6630,414,263,151,51692,18197,33495,688,348,340,30,2359,1285,1074
30,1,10,36186,17315,18871,7004,5425,1579,130,78,52,28308,11391,16917,220,104,116,30,874,499,375
30,1,11,14592,6532,8060,2118,1582,536,39,24,15,12206,4803,7403,102,51,51,30,268,147,121
28,0,0,191946,101238,90708,2433,1353,1080,100,55,45,188085,99133,88952,941,501,440,31,1428,752,676
28,0,1,216365,114608,101757,5333,3065,2268,437,237,200,207533,109812,97721,1997,1174,823,31,3499,1731,1768
28,0,2,220040,116112,103928,30753,19378,11375,4686,3054,1632,177379,90784,86595,18683,11326,7357,31,11908,5950,5958
28,0,3,217770,108506,109264,89424,58366,31058,9496,6315,3181,107428,40695,66733,25063,14225,10838,31,20918,9445,11473
28,0,4,191628,95548,96080,116915,77976,38939,6923,4438,2485,56327,10280,46047,9806,4288,5518,31,18386,7292,11094
28,0,5,169029,83003,86026,116577,74467,42110,4401,2475,1926,37209,3673,33536,3511,971,2540,31,15243,4863,10380
28,0,6,170728,82854,87874,123128,75590,47538,3947,2088,1859,32708,2893,29815,2318,540,1778,31,14892,4371,10521
28,0,7,296401,145793,150608,215645,133859,81786,5142,2640,2502,55824,5105,50719,2384,562,1822,31,24932,6829,18103
28,0,8,226611,110710,115901,153945,98167,55778,2431,1214,1217,54175,7664,46511,1206,318,888,31,18491,4879,13612
28,0,9,192124,87830,104294,98716,63156,35560,1366,616,750,78281,19963,58318,1104,340,764,31,15127,4711,10416
28,0,10,106295,51891,54404,35839,26439,9400,493,293,200,64185,22530,41655,497,186,311,31,6271,2922,3349
28,0,11,40103,19280,20823,7684,5594,2090,138,91,47,30934,12940,17994,250,121,129,31,1485,746,739
28,1,0,46763,25103,21660,400,233,167,30,21,9,46179,24770,21409,237,115,122,31,184,100,84
28,1,1,53048,29219,23829,902,575,327,72,35,37,51756,28444,23312,396,227,169,31,390,200,190
28,1,2,52177,28214,23963,4548,3524,1024,563,390,173,46322,23815,22507,3361,2076,1285,31,1307,875,432
28,1,3,54038,26706,27332,14971,11660,3311,1170,821,349,36664,13554,23110,7005,3561,3444,31,2403,1492,911
28,1,4,50085,24291,25794,24424,18997,5427,948,618,330,23316,4014,19302,3750,1456,2294,31,2345,1280,1065
28,1,5,45426,21925,23501,25576,19493,6083,708,437,271,17751,1385,16366,1562,363,1199,31,2099,1047,1052
28,1,6,44496,21891,22605,26572,19888,6684,625,365,260,15928,1046,14882,984,198,786,31,1996,957,1039
28,1,7,74412,37484,36928,44897,34088,10809,747,450,297,26537,1976,24561,1094,226,868,31,2978,1420,1558
28,1,8,50234,26010,24224,26873,21219,5654,340,219,121,21652,3925,17727,383,127,256,31,1709,866,843
28,1,9,33693,16400,17293,9322,7062,2260,149,86,63,23249,8754,14495,241,114,127,31,1122,584,538
28,1,10,16441,8077,8364,2831,2190,641,48,28,20,13180,5640,7540,93,41,52,31,430,247,183
28,1,11,6201,2914,3287,827,628,199,8,5,3,5273,2227,3046,44,26,18,31,101,59,42
26,0,0,106382,54250,52132,443,244,199,50,27,23,105324,53712,51612,328,188,140,32,615,294,321
26,0,1,136447,69670,66777,1628,820,808,401,190,211,131154,67187,63967,967,494,473,32,3665,1663,2002
26,0,2,124191,63067,61124,16253,8093,8160,5818,2896,2922,95333,49324,46009,12644,6906,5738,32,12605,5650,6955
26,0,3,98682,44687,53995,40015,22673,17342,9459,5319,4140,41587,14872,26715,12997,6605,6392,32,17080,7142,9938
26,0,4,89531,40075,49456,49792,30114,19678,7167,4291,2876,24645,3946,20699,5629,2150,3479,32,15094,6015,9079
26,0,5,87598,38579,49019,54079,31764,22315,5785,3258,2527,19137,1727,17410,2732,768,1964,32,14382,5088,9294
26,0,6,96017,42028,53989,62228,35524,26704,5770,3133,2637,18063,1341,16722,1943,499,1444,32,15726,5163,10563
26,0,7,174703,80534,94169,115420,68231,47189,8281,4685,3596,30981,2745,28236,2106,583,1523,32,28302,9558,18744
26,0,8,130283,59397,70886,75483,46177,29306,3773,2286,1487,34296,5836,28460,1018,401,617,32,20504,7384,13120
26,0,9,123683,51010,72673,45691,27431,18260,1627,926,701,61752,17124,44628,645,266,379,32,16240,6455,9785
26,0,10,70745,30745,40000,13847,9726,4121,372,247,125,51154,17977,33177,209,84,125,32,5744,3042,2702
26,0,11,22581,9274,13307,1992,1373,619,53,29,24,19731,7421,12310,42,18,24,32,858,480,378
26,1,0,20874,10995,9879,95,52,43,5,3,2,20751,10926,9825,60,39,21,32,28,17,11
26,1,1,24234,12675,11559,232,139,93,14,10,4,23927,12503,11424,151,90,61,32,75,33,42
26,1,2,23969,12454,11515,1641,1210,431,192,134,58,21919,10980,10939,1789,1109,680,32,409,264,145
26,1,3,23608,11672,11936,6211,4827,1384,662,470,192,16243,6094,10149,3856,2085,1771,32,1154,751,403
26,1,4,22029,10371,11658,9886,7919,1967,590,442,148,10998,1703,9295,2140,915,1225,32,1145,749,396
26,1,5,21261,9935,11326,10827,8594,2233,508,378,130,9351,698,8653,945,326,619,32,1083,643,440
26,1,6,22345,10586,11759,12196,9517,2679,449,330,119,9090,484,8606,605,195,410,32,1059,585,474
26,1,7,36981,18674,18307,21163,16812,4351,551,425,126,14208,948,13260,511,192,319,32,1610,914,696
26,1,8,23644,12069,11575,11430,9361,2069,238,180,58,11272,2139,9133,246,130,116,32,942,569,373
26,1,9,15571,7242,8329,2907,2333,574,75,55,20,12190,4615,7575,129,56,73,32,474,294,180
26,1,10,7747,3471,4276,811,663,148,17,15,2,6793,2721,4072,36,17,19,32,143,87,56
26,1,11,2713,1125,1588,183,136,47,2,1,1,2504,972,1532,12,2,10,32,26,17,9
29,0,0,50942,26189,24753,336,174,162,35,18,17,50228,25828,24400,230,111,119,33,378,187,191
29,0,1,65849,33844,32005,819,482,337,192,100,92,63950,32808,31142,565,289,276,33,1080,554,526
29,0,2,66266,33900,32366,4794,3022,1772,3318,1947,1371,55868,27902,27966,9782,4797,4985,33,5604,2976,2628
29,0,3,55802,27664,28138,14256,9853,4403,8333,5369,2964,29352,10916,18436,13043,5835,7208,33,12194,6895,5299
29,0,4,51246,25568,25678,20245,14663,5582,7436,5265,2171,18682,3767,14915,6345,2320,4025,33,12319,7138,5181
29,0,5,50973,24749,26224,22960,16404,6556,6069,4254,1815,15958,1879,14079,3267,905,2362,33,12055,6466,5589
29,0,6,54720,26102,28618,25763,18126,7637,5755,3859,1896,15765,1466,14299,2481,535,1946,33,13192,6510,6682
29,0,7,102610,50706,51904,49645,35527,14118,8535,5868,2667,28353,2693,25660,2696,606,2090,33,24612,12486,12126
29,0,8,75379,36968,38411,32023,23907,8116,3778,2631,1147,26894,4521,22373,973,360,613,33,16462,8540,7922
29,0,9,70267,30553,39714,16940,12368,4572,1480,982,498,41643,12204,29439,741,274,467,33,11684,5981,5703
29,0,10,40347,18092,22255,5220,4027,1193,318,215,103,31358,11780,19578,253,98,155,33,3769,2285,1484
29,0,11,13696,5798,7898,983,735,248,96,63,33,11957,4627,7330,93,38,55,33,756,436,320
29,1,0,7666,4086,3580,55,26,29,1,0,1,7584,4047,3537,17,9,8,33,27,13,14
29,1,1,8702,4572,4130,122,84,38,6,5,1,8529,4453,4076,56,36,20,33,51,35,16
29,1,2,8913,4606,4307,672,490,182,125,84,41,7956,3916,4040,880,454,426,33,285,200,85
29,1,3,8966,4420,4546,2239,1688,551,469,318,151,5988,2240,3748,2138,939,1199,33,739,492,247
29,1,4,8696,4322,4374,3732,2918,814,507,363,144,4086,787,3299,1287,466,821,33,878,617,261
29,1,5,8717,4282,4435,4330,3340,990,385,291,94,3570,360,3210,712,175,537,33,817,582,235
29,1,6,9045,4471,4574,4795,3708,1087,295,234,61,3501,242,3259,484,100,384,33,749,521,228
29,1,7,16231,8455,7776,8972,7057,1915,402,300,102,5944,526,5418,451,138,313,33,1315,872,443
29,1,8,10982,5634,5348,5187,4170,1017,140,111,29,4993,906,4087,151,58,93,33,802,558,244
29,1,9,7340,3411,3929,1364,1124,240,40,28,12,5567,1988,3579,65,36,29,33,409,299,110
29,1,10,3726,1686,2040,368,309,59,3,1,2,3247,1301,1946,22,8,14,33,111,76,35
29,1,11,1226,539,687,91,80,11,3,1,2,1113,445,668,6,3,3,33,22,14,8
14,0,0,210240,113226,97014,1966,1134,832,112,64,48,207076,111464,95612,1019,537,482,34,1198,628,570
14,0,1,236671,128811,107860,4743,2816,1927,433,239,194,228605,124331,104274,1889,1112,777,34,3323,1664,1659
14,0,2,242712,130905,111807,31561,20830,10731,5157,3531,1626,197465,103112,94353,20320,12846,7474,34,13686,6963,6723
14,0,3,237377,121331,116046,101013,67177,33836,9571,6655,2916,113612,44173,69439,24119,14428,9691,34,22752,9981,12771
14,0,4,213365,108088,105277,132754,89767,42987,6892,4611,2281,60525,10780,49745,9221,4324,4897,34,20086,7541,12545
14,0,5,192206,94838,97368,133257,85977,47280,4469,2680,1789,42168,3669,38499,3262,859,2403,34,16781,5192,11589
14,0,6,194625,94893,99732,139622,87731,51891,3559,1973,1586,38419,2709,35710,1963,399,1564,34,16584,4453,12131
14,0,7,335356,168842,166514,244435,156577,87858,4420,2357,2063,63763,5033,58730,2115,424,1691,34,27158,7232,19926
14,0,8,240885,120343,120542,165141,108129,57012,2029,1023,1006,56482,7127,49355,1059,281,778,34,19262,5087,14175
14,0,9,200741,92729,108012,103218,68580,34638,1161,526,635,81389,19084,62305,1102,355,747,34,16134,5065,11069
14,0,10,97628,47054,50574,31896,24383,7513,277,156,121,59754,19763,39991,480,169,311,34,5978,2908,3070
14,0,11,35705,16236,19469,7003,5120,1883,99,56,43,27317,10440,16877,186,98,88,34,1385,676,709
14,1,0,96110,51996,44114,691,401,290,29,16,13,95130,51439,43691,349,200,149,34,289,156,133
14,1,1,104434,57140,47294,1841,1260,581,89,63,26,102111,55598,46513,688,404,284,34,482,282,200
14,1,2,109746,59598,50148,12094,10309,1785,661,504,157,95716,47952,47764,5356,3313,2043,34,1936,1337,599
14,1,3,121747,61263,60484,38375,32272,6103,1371,1000,371,79489,26426,53063,11000,5800,5200,34,3883,2565,1318
14,1,4,113849,57488,56361,57021,47402,9619,1213,847,366,52648,7547,45101,5665,2250,3415,34,4180,2539,1641
14,1,5,101694,50556,51138,57272,45746,11526,845,512,333,40651,2764,37887,2418,583,1835,34,3771,2046,1725
14,1,6,98324,48516,49808,57159,44467,12692,722,425,297,37449,2143,35306,1662,327,1335,34,3716,1906,1810
14,1,7,162653,82042,80611,94138,75170,18968,755,432,323,63018,4027,58991,1335,318,1017,34,5497,2845,2652
14,1,8,109922,56779,53143,57613,47353,10260,395,263,132,48934,7473,41461,581,220,361,34,3375,1953,1422
14,1,9,73502,35521,37981,21665,17167,4498,175,96,79,49713,17165,32548,363,171,192,34,2124,1189,935
14,1,10,31730,15245,16485,5724,4608,1116,41,26,15,25356,10227,15129,136,59,77,34,650,410,240
14,1,11,11477,4919,6558,1537,1205,332,8,5,3,9780,3621,6159,52,20,32,34,160,93,67
27,0,0,171164,92211,78953,1978,1114,864,213,113,100,167944,90432,77512,1008,548,460,35,1242,665,577
27,0,1,196703,106623,90080,4703,2917,1786,494,291,203,189282,102288,86994,2013,1134,879,35,2718,1418,1300
27,0,2,190206,104187,86019,30745,21367,9378,3541,2441,1100,150250,78106,72144,14538,9254,5284,35,9211,4714,4497
27,0,3,186928,95271,91657,80151,55793,24358,6510,4373,2137,91077,32859,58218,17931,10096,7835,35,15700,6619,9081
27,0,4,165578,82176,83402,100655,69722,30933,4666,2687,1979,50911,7908,43003,7207,3018,4189,35,14012,4546,9466
27,0,5,146433,71337,75096,98593,65121,33472,3094,1613,1481,35853,2956,32897,2452,620,1832,35,11987,3260,8727
27,0,6,149575,72073,77502,104307,66848,37459,2862,1381,1481,33068,2196,30872,1579,317,1262,35,12200,3029,9171
27,0,7,253742,126370,127372,178823,117567,61256,3654,1691,1963,55649,4170,51479,1686,371,1315,35,19270,4633,14637
27,0,8,187349,93200,94149,124197,84005,40192,1918,883,1035,48960,5810,43150,1034,189,845,35,14192,3385,10807
27,0,9,158056,73695,84361,80331,54866,25465,1091,499,592,66558,15708,50850,930,352,578,35,11167,3121,8046
27,0,10,87609,43497,44112,30095,23346,6749,383,203,180,52937,18059,34878,472,178,294,35,4577,2092,2485
27,0,11,36053,17421,18632,7000,5373,1627,119,70,49,27852,11446,16406,178,72,106,35,1201,602,599
27,1,0,58147,31123,27024,672,379,293,113,58,55,57064,30525,26539,379,200,179,35,411,219,192
27,1,1,64556,34940,29616,1306,906,400,164,96,68,62622,33695,28927,672,390,282,35,628,339,289
27,1,2,65960,34972,30988,6938,5570,1368,606,453,153,57476,28361,29115,4306,2693,1613,35,1546,1041,505
27,1,3,71034,35176,35858,21159,16993,4166,1192,867,325,47068,16313,30755,6936,3766,3170,35,2807,1870,937
27,1,4,64703,31761,32942,31179,24902,6277,1062,749,313,30597,5049,25548,3773,1610,2163,35,2927,1810,1117
27,1,5,56348,27533,28815,31271,24128,7143,784,509,275,22457,1956,20501,1545,372,1173,35,2620,1449,1171
27,1,6,55126,26436,28690,31597,23629,7968,625,411,214,20994,1503,19491,1065,233,832,35,2535,1304,1231
27,1,7,91079,45490,45589,52663,40696,11967,870,549,321,34659,2787,31872,1102,263,839,35,3757,2007,1750
27,1,8,62452,32222,30230,33013,26295,6718,449,303,146,27017,4574,22443,506,160,346,35,2422,1353,1069
27,1,9,43321,20907,22414,12724,9732,2992,255,151,104,29098,10389,18709,354,167,187,35,1499,786,713
27,1,10,20435,9855,10580,3963,3075,888,69,47,22,15965,6498,9467,117,39,78,35,507,282,225
27,1,11,8464,3907,4557,1225,977,248,25,10,15,7060,2824,4236,46,17,29,35,179,106,73
